 0 0 -27 54
 0 0 -26 52
 0 0 -26 53
 0 0 -26 54
 0 0 -25 50
 0 0 -25 51
 0 0 -25 52
 0 0 -25 53
 0 0 -24 48
 0 0 -24 49
 0 0 -24 50
 0 0 -24 51
 0 0 -24 52
 0 0 -24 53
 0 0 -23 46
 0 0 -23 47
 0 0 -23 48
 0 0 -23 49
 0 0 -23 50
 0 0 -23 51
 0 0 -23 52
 0 0 -22 44
 0 0 -22 45
 0 0 -22 46
 0 0 -22 47
 0 0 -22 48
 0 0 -22 49
 0 0 -22 50
 0 0 -22 51
 0 0 -22 52
 0 0 -21 42
 0 0 -21 43
 0 0 -21 44
 0 0 -21 45
 0 0 -21 46
 0 0 -21 47
 0 0 -21 48
 0 0 -21 49
 0 0 -21 50
 0 0 -21 51
 0 0 -20 40
 0 0 -20 41
 0 0 -20 42
 0 0 -20 43
 0 0 -20 44
 0 0 -20 45
 0 0 -20 46
 0 0 -20 47
 0 0 -20 48
 0 0 -20 49
 0 0 -20 50
 0 0 -20 51
 0 0 -19 38
 0 0 -19 39
 0 0 -19 40
 0 0 -19 41
 0 0 -19 42
 0 0 -19 43
 0 0 -19 44
 0 0 -19 45
 0 0 -19 46
 0 0 -19 47
 0 0 -19 48
 0 0 -19 49
 0 0 -19 50
 0 0 -18 36
 0 0 -18 37
 0 0 -18 38
 0 0 -18 39
 0 0 -18 40
 0 0 -18 41
 0 0 -18 42
 0 0 -18 43
 0 0 -18 44
 0 0 -18 45
 0 0 -18 46
 0 0 -18 47
 0 0 -18 48
 0 0 -18 49
 0 0 -18 50
 0 0 -17 34
 0 0 -17 35
 0 0 -17 36
 0 0 -17 37
 0 0 -17 38
 0 0 -17 39
 0 0 -17 40
 0 0 -17 41
 0 0 -17 42
 0 0 -17 43
 0 0 -17 44
 0 0 -17 45
 0 0 -17 46
 0 0 -17 47
 0 0 -17 48
 0 0 -17 49
 0 0 -16 32
 0 0 -16 33
 0 0 -16 34
 0 0 -16 35
 0 0 -16 36
 0 0 -16 37
 0 0 -16 38
 0 0 -16 39
 0 0 -16 40
 0 0 -16 41
 0 0 -16 42
 0 0 -16 43
 0 0 -16 44
 0 0 -16 45
 0 0 -16 46
 0 0 -16 47
 0 0 -16 48
 0 0 -16 49
 0 0 -15 30
 0 0 -15 31
 0 0 -15 32
 0 0 -15 33
 0 0 -15 34
 0 0 -15 35
 0 0 -15 36
 0 0 -15 37
 0 0 -15 38
 0 0 -15 39
 0 0 -15 40
 0 0 -15 41
 0 0 -15 42
 0 0 -15 43
 0 0 -15 44
 0 0 -15 45
 0 0 -15 46
 0 0 -15 47
 0 0 -15 48
 0 0 -14 28
 0 0 -14 29
 0 0 -14 30
 0 0 -14 31
 0 0 -14 32
 0 0 -14 33
 0 0 -14 34
 0 0 -14 35
 0 0 -14 36
 0 0 -14 37
 0 0 -14 38
 0 0 -14 39
 0 0 -14 40
 0 0 -14 41
 0 0 -14 42
 0 0 -14 43
 0 0 -14 44
 0 0 -14 45
 0 0 -14 46
 0 0 -14 47
 0 0 -14 48
 0 0 -13 26
 0 0 -13 27
 0 0 -13 28
 0 0 -13 29
 0 0 -13 30
 0 0 -13 31
 0 0 -13 32
 0 0 -13 33
 0 0 -13 34
 0 0 -13 35
 0 0 -13 36
 0 0 -13 37
 0 0 -13 38
 0 0 -13 39
 0 0 -13 40
 0 0 -13 41
 0 0 -13 42
 0 0 -13 43
 0 0 -13 44
 0 0 -13 45
 0 0 -13 46
 0 0 -13 47
 0 0 -12 24
 0 0 -12 25
 0 0 -12 26
 0 0 -12 27
 0 0 -12 28
 0 0 -12 29
 0 0 -12 30
 0 0 -12 31
 0 0 -12 32
 0 0 -12 33
 0 0 -12 34
 0 0 -12 35
 0 0 -12 36
 0 0 -12 37
 0 0 -12 38
 0 0 -12 39
 0 0 -12 40
 0 0 -12 41
 0 0 -12 42
 0 0 -12 43
 0 0 -12 44
 0 0 -12 45
 0 0 -12 46
 0 0 -12 47
 0 0 -11 22
 0 0 -11 23
 0 0 -11 24
 0 0 -11 25
 0 0 -11 26
 0 0 -11 27
 0 0 -11 28
 0 0 -11 29
 0 0 -11 30
 0 0 -11 31
 0 0 -11 32
 0 0 -11 33
 0 0 -11 34
 0 0 -11 35
 0 0 -11 36
 0 0 -11 37
 0 0 -11 38
 0 0 -11 39
 0 0 -11 40
 0 0 -11 41
 0 0 -11 42
 0 0 -11 43
 0 0 -11 44
 0 0 -11 45
 0 0 -11 46
 0 0 -10 20
 0 0 -10 21
 0 0 -10 22
 0 0 -10 23
 0 0 -10 24
 0 0 -10 25
 0 0 -10 26
 0 0 -10 27
 0 0 -10 28
 0 0 -10 29
 0 0 -10 30
 0 0 -10 31
 0 0 -10 32
 0 0 -10 33
 0 0 -10 34
 0 0 -10 35
 0 0 -10 36
 0 0 -10 37
 0 0 -10 38
 0 0 -10 39
 0 0 -10 40
 0 0 -10 41
 0 0 -10 42
 0 0 -10 43
 0 0 -10 44
 0 0 -10 45
 0 0 -10 46
 0 0 -9 18
 0 0 -9 19
 0 0 -9 20
 0 0 -9 21
 0 0 -9 22
 0 0 -9 23
 0 0 -9 24
 0 0 -9 25
 0 0 -9 26
 0 0 -9 27
 0 0 -9 28
 0 0 -9 29
 0 0 -9 30
 0 0 -9 31
 0 0 -9 32
 0 0 -9 33
 0 0 -9 34
 0 0 -9 35
 0 0 -9 36
 0 0 -9 37
 0 0 -9 38
 0 0 -9 39
 0 0 -9 40
 0 0 -9 41
 0 0 -9 42
 0 0 -9 43
 0 0 -9 44
 0 0 -9 45
 0 0 -8 16
 0 0 -8 17
 0 0 -8 18
 0 0 -8 19
 0 0 -8 20
 0 0 -8 21
 0 0 -8 22
 0 0 -8 23
 0 0 -8 24
 0 0 -8 25
 0 0 -8 26
 0 0 -8 27
 0 0 -8 28
 0 0 -8 29
 0 0 -8 30
 0 0 -8 31
 0 0 -8 32
 0 0 -8 33
 0 0 -8 34
 0 0 -8 35
 0 0 -8 36
 0 0 -8 37
 0 0 -8 38
 0 0 -8 39
 0 0 -8 40
 0 0 -8 41
 0 0 -8 42
 0 0 -8 43
 0 0 -8 44
 0 0 -8 45
 0 0 -7 14
 0 0 -7 15
 0 0 -7 16
 0 0 -7 17
 0 0 -7 18
 0 0 -7 19
 0 0 -7 20
 0 0 -7 21
 0 0 -7 22
 0 0 -7 23
 0 0 -7 24
 0 0 -7 25
 0 0 -7 26
 0 0 -7 27
 0 0 -7 28
 0 0 -7 29
 0 0 -7 30
 0 0 -7 31
 0 0 -7 32
 0 0 -7 33
 0 0 -7 34
 0 0 -7 35
 0 0 -7 36
 0 0 -7 37
 0 0 -7 38
 0 0 -7 39
 0 0 -7 40
 0 0 -7 41
 0 0 -7 42
 0 0 -7 43
 0 0 -7 44
 0 0 -6 12
 0 0 -6 13
 0 0 -6 14
 0 0 -6 15
 0 0 -6 16
 0 0 -6 17
 0 0 -6 18
 0 0 -6 19
 0 0 -6 20
 0 0 -6 21
 0 0 -6 22
 0 0 -6 23
 0 0 -6 24
 0 0 -6 25
 0 0 -6 26
 0 0 -6 27
 0 0 -6 28
 0 0 -6 29
 0 0 -6 30
 0 0 -6 31
 0 0 -6 32
 0 0 -6 33
 0 0 -6 34
 0 0 -6 35
 0 0 -6 36
 0 0 -6 37
 0 0 -6 38
 0 0 -6 39
 0 0 -6 40
 0 0 -6 41
 0 0 -6 42
 0 0 -6 43
 0 0 -6 44
 0 0 -5 10
 0 0 -5 11
 0 0 -5 12
 0 0 -5 13
 0 0 -5 14
 0 0 -5 15
 0 0 -5 16
 0 0 -5 17
 0 0 -5 18
 0 0 -5 19
 0 0 -5 20
 0 0 -5 21
 0 0 -5 22
 0 0 -5 23
 0 0 -5 24
 0 0 -5 25
 0 0 -5 26
 0 0 -5 27
 0 0 -5 28
 0 0 -5 29
 0 0 -5 30
 0 0 -5 31
 0 0 -5 32
 0 0 -5 33
 0 0 -5 34
 0 0 -5 35
 0 0 -5 36
 0 0 -5 37
 0 0 -5 38
 0 0 -5 39
 0 0 -5 40
 0 0 -5 41
 0 0 -5 42
 0 0 -5 43
 0 0 -4 8
 0 0 -4 9
 0 0 -4 10
 0 0 -4 11
 0 0 -4 12
 0 0 -4 13
 0 0 -4 14
 0 0 -4 15
 0 0 -4 16
 0 0 -4 17
 0 0 -4 18
 0 0 -4 19
 0 0 -4 20
 0 0 -4 21
 0 0 -4 22
 0 0 -4 23
 0 0 -4 24
 0 0 -4 25
 0 0 -4 26
 0 0 -4 27
 0 0 -4 28
 0 0 -4 29
 0 0 -4 30
 0 0 -4 31
 0 0 -4 32
 0 0 -4 33
 0 0 -4 34
 0 0 -4 35
 0 0 -4 36
 0 0 -4 37
 0 0 -4 38
 0 0 -4 39
 0 0 -4 40
 0 0 -4 41
 0 0 -4 42
 0 0 -4 43
 0 0 -3 6
 0 0 -3 7
 0 0 -3 8
 0 0 -3 9
 0 0 -3 10
 0 0 -3 11
 0 0 -3 12
 0 0 -3 13
 0 0 -3 14
 0 0 -3 15
 0 0 -3 16
 0 0 -3 17
 0 0 -3 18
 0 0 -3 19
 0 0 -3 20
 0 0 -3 21
 0 0 -3 22
 0 0 -3 23
 0 0 -3 24
 0 0 -3 25
 0 0 -3 26
 0 0 -3 27
 0 0 -3 28
 0 0 -3 29
 0 0 -3 30
 0 0 -3 31
 0 0 -3 32
 0 0 -3 33
 0 0 -3 34
 0 0 -3 35
 0 0 -3 36
 0 0 -3 37
 0 0 -3 38
 0 0 -3 39
 0 0 -3 40
 0 0 -3 41
 0 0 -3 42
 0 0 -2 4
 0 0 -2 5
 0 0 -2 6
 0 0 -2 7
 0 0 -2 8
 0 0 -2 9
 0 0 -2 10
 0 0 -2 11
 0 0 -2 12
 0 0 -2 13
 0 0 -2 14
 0 0 -2 15
 0 0 -2 16
 0 0 -2 17
 0 0 -2 18
 0 0 -2 19
 0 0 -2 20
 0 0 -2 21
 0 0 -2 22
 0 0 -2 23
 0 0 -2 24
 0 0 -2 25
 0 0 -2 26
 0 0 -2 27
 0 0 -2 28
 0 0 -2 29
 0 0 -2 30
 0 0 -2 31
 0 0 -2 32
 0 0 -2 33
 0 0 -2 34
 0 0 -2 35
 0 0 -2 36
 0 0 -2 37
 0 0 -2 38
 0 0 -2 39
 0 0 -2 40
 0 0 -2 41
 0 0 -2 42
 0 0 -1 2
 0 0 -1 3
 0 0 -1 4
 0 0 -1 5
 0 0 -1 6
 0 0 -1 7
 0 0 -1 8
 0 0 -1 9
 0 0 -1 10
 0 0 -1 11
 0 0 -1 12
 0 0 -1 13
 0 0 -1 14
 0 0 -1 15
 0 0 -1 16
 0 0 -1 17
 0 0 -1 18
 0 0 -1 19
 0 0 -1 20
 0 0 -1 21
 0 0 -1 22
 0 0 -1 23
 0 0 -1 24
 0 0 -1 25
 0 0 -1 26
 0 0 -1 27
 0 0 -1 28
 0 0 -1 29
 0 0 -1 30
 0 0 -1 31
 0 0 -1 32
 0 0 -1 33
 0 0 -1 34
 0 0 -1 35
 0 0 -1 36
 0 0 -1 37
 0 0 -1 38
 0 0 -1 39
 0 0 -1 40
 0 0 -1 41
 0 0 0 0
 0 0 0 1
 0 0 0 2
 0 0 0 3
 0 0 0 4
 0 0 0 5
 0 0 0 6
 0 0 0 7
 0 0 0 8
 0 0 0 9
 0 0 0 10
 0 0 0 11
 0 0 0 12
 0 0 0 13
 0 0 0 14
 0 0 0 15
 0 0 0 16
 0 0 0 17
 0 0 0 18
 0 0 0 19
 0 0 0 20
 0 0 0 21
 0 0 0 22
 0 0 0 23
 0 0 0 24
 0 0 0 25
 0 0 0 26
 0 0 0 27
 0 0 0 28
 0 0 0 29
 0 0 0 30
 0 0 0 31
 0 0 0 32
 0 0 0 33
 0 0 0 34
 0 0 0 35
 0 0 0 36
 0 0 0 37
 0 0 0 38
 0 0 0 39
 0 0 0 40
 0 0 0 41
 0 0 1 0
 0 0 1 1
 0 0 1 2
 0 0 1 3
 0 0 1 4
 0 0 1 5
 0 0 1 6
 0 0 1 7
 0 0 1 8
 0 0 1 9
 0 0 1 10
 0 0 1 11
 0 0 1 12
 0 0 1 13
 0 0 1 14
 0 0 1 15
 0 0 1 16
 0 0 1 17
 0 0 1 18
 0 0 1 19
 0 0 1 20
 0 0 1 21
 0 0 1 22
 0 0 1 23
 0 0 1 24
 0 0 1 25
 0 0 1 26
 0 0 1 27
 0 0 1 28
 0 0 1 29
 0 0 1 30
 0 0 1 31
 0 0 1 32
 0 0 1 33
 0 0 1 34
 0 0 1 35
 0 0 1 36
 0 0 1 37
 0 0 1 38
 0 0 1 39
 0 0 1 40
 0 0 2 0
 0 0 2 1
 0 0 2 2
 0 0 2 3
 0 0 2 4
 0 0 2 5
 0 0 2 6
 0 0 2 7
 0 0 2 8
 0 0 2 9
 0 0 2 10
 0 0 2 11
 0 0 2 12
 0 0 2 13
 0 0 2 14
 0 0 2 15
 0 0 2 16
 0 0 2 17
 0 0 2 18
 0 0 2 19
 0 0 2 20
 0 0 2 21
 0 0 2 22
 0 0 2 23
 0 0 2 24
 0 0 2 25
 0 0 2 26
 0 0 2 27
 0 0 2 28
 0 0 2 29
 0 0 2 30
 0 0 2 31
 0 0 2 32
 0 0 2 33
 0 0 2 34
 0 0 2 35
 0 0 2 36
 0 0 2 37
 0 0 2 38
 0 0 2 39
 0 0 2 40
 0 0 3 -1
 0 0 3 0
 0 0 3 1
 0 0 3 2
 0 0 3 3
 0 0 3 4
 0 0 3 5
 0 0 3 6
 0 0 3 7
 0 0 3 8
 0 0 3 9
 0 0 3 10
 0 0 3 11
 0 0 3 12
 0 0 3 13
 0 0 3 14
 0 0 3 15
 0 0 3 16
 0 0 3 17
 0 0 3 18
 0 0 3 19
 0 0 3 20
 0 0 3 21
 0 0 3 22
 0 0 3 23
 0 0 3 24
 0 0 3 25
 0 0 3 26
 0 0 3 27
 0 0 3 28
 0 0 3 29
 0 0 3 30
 0 0 3 31
 0 0 3 32
 0 0 3 33
 0 0 3 34
 0 0 3 35
 0 0 3 36
 0 0 3 37
 0 0 3 38
 0 0 3 39
 0 0 4 -1
 0 0 4 0
 0 0 4 1
 0 0 4 2
 0 0 4 3
 0 0 4 4
 0 0 4 5
 0 0 4 6
 0 0 4 7
 0 0 4 8
 0 0 4 9
 0 0 4 10
 0 0 4 11
 0 0 4 12
 0 0 4 13
 0 0 4 14
 0 0 4 15
 0 0 4 16
 0 0 4 17
 0 0 4 18
 0 0 4 19
 0 0 4 20
 0 0 4 21
 0 0 4 22
 0 0 4 23
 0 0 4 24
 0 0 4 25
 0 0 4 26
 0 0 4 27
 0 0 4 28
 0 0 4 29
 0 0 4 30
 0 0 4 31
 0 0 4 32
 0 0 4 33
 0 0 4 34
 0 0 4 35
 0 0 4 36
 0 0 4 37
 0 0 4 38
 0 0 4 39
 0 0 5 -2
 0 0 5 -1
 0 0 5 0
 0 0 5 1
 0 0 5 2
 0 0 5 3
 0 0 5 4
 0 0 5 5
 0 0 5 6
 0 0 5 7
 0 0 5 8
 0 0 5 9
 0 0 5 10
 0 0 5 11
 0 0 5 12
 0 0 5 13
 0 0 5 14
 0 0 5 15
 0 0 5 16
 0 0 5 17
 0 0 5 18
 0 0 5 19
 0 0 5 20
 0 0 5 21
 0 0 5 22
 0 0 5 23
 0 0 5 24
 0 0 5 25
 0 0 5 26
 0 0 5 27
 0 0 5 28
 0 0 5 29
 0 0 5 30
 0 0 5 31
 0 0 5 32
 0 0 5 33
 0 0 5 34
 0 0 5 35
 0 0 5 36
 0 0 5 37
 0 0 5 38
 0 0 6 -2
 0 0 6 -1
 0 0 6 0
 0 0 6 1
 0 0 6 2
 0 0 6 3
 0 0 6 4
 0 0 6 5
 0 0 6 6
 0 0 6 7
 0 0 6 8
 0 0 6 9
 0 0 6 10
 0 0 6 11
 0 0 6 12
 0 0 6 13
 0 0 6 14
 0 0 6 15
 0 0 6 16
 0 0 6 17
 0 0 6 18
 0 0 6 19
 0 0 6 20
 0 0 6 21
 0 0 6 22
 0 0 6 23
 0 0 6 24
 0 0 6 25
 0 0 6 26
 0 0 6 27
 0 0 6 28
 0 0 6 29
 0 0 6 30
 0 0 6 31
 0 0 6 32
 0 0 6 33
 0 0 6 34
 0 0 6 35
 0 0 6 36
 0 0 6 37
 0 0 6 38
 0 0 7 -3
 0 0 7 -2
 0 0 7 -1
 0 0 7 0
 0 0 7 1
 0 0 7 2
 0 0 7 3
 0 0 7 4
 0 0 7 5
 0 0 7 6
 0 0 7 7
 0 0 7 8
 0 0 7 9
 0 0 7 10
 0 0 7 11
 0 0 7 12
 0 0 7 13
 0 0 7 14
 0 0 7 15
 0 0 7 16
 0 0 7 17
 0 0 7 18
 0 0 7 19
 0 0 7 20
 0 0 7 21
 0 0 7 22
 0 0 7 23
 0 0 7 24
 0 0 7 25
 0 0 7 26
 0 0 7 27
 0 0 7 28
 0 0 7 29
 0 0 7 30
 0 0 7 31
 0 0 7 32
 0 0 7 33
 0 0 7 34
 0 0 7 35
 0 0 7 36
 0 0 7 37
 0 0 8 -3
 0 0 8 -2
 0 0 8 -1
 0 0 8 0
 0 0 8 1
 0 0 8 2
 0 0 8 3
 0 0 8 4
 0 0 8 5
 0 0 8 6
 0 0 8 7
 0 0 8 8
 0 0 8 9
 0 0 8 10
 0 0 8 11
 0 0 8 12
 0 0 8 13
 0 0 8 14
 0 0 8 15
 0 0 8 16
 0 0 8 17
 0 0 8 18
 0 0 8 19
 0 0 8 20
 0 0 8 21
 0 0 8 22
 0 0 8 23
 0 0 8 24
 0 0 8 25
 0 0 8 26
 0 0 8 27
 0 0 8 28
 0 0 8 29
 0 0 8 30
 0 0 8 31
 0 0 8 32
 0 0 8 33
 0 0 8 34
 0 0 8 35
 0 0 8 36
 0 0 8 37
 0 0 9 -4
 0 0 9 -3
 0 0 9 -2
 0 0 9 -1
 0 0 9 0
 0 0 9 1
 0 0 9 2
 0 0 9 3
 0 0 9 4
 0 0 9 5
 0 0 9 6
 0 0 9 7
 0 0 9 8
 0 0 9 9
 0 0 9 10
 0 0 9 11
 0 0 9 12
 0 0 9 13
 0 0 9 14
 0 0 9 15
 0 0 9 16
 0 0 9 17
 0 0 9 18
 0 0 9 19
 0 0 9 20
 0 0 9 21
 0 0 9 22
 0 0 9 23
 0 0 9 24
 0 0 9 25
 0 0 9 26
 0 0 9 27
 0 0 9 28
 0 0 9 29
 0 0 9 30
 0 0 9 31
 0 0 9 32
 0 0 9 33
 0 0 9 34
 0 0 9 35
 0 0 9 36
 0 0 10 -4
 0 0 10 -3
 0 0 10 -2
 0 0 10 -1
 0 0 10 0
 0 0 10 1
 0 0 10 2
 0 0 10 3
 0 0 10 4
 0 0 10 5
 0 0 10 6
 0 0 10 7
 0 0 10 8
 0 0 10 9
 0 0 10 10
 0 0 10 11
 0 0 10 12
 0 0 10 13
 0 0 10 14
 0 0 10 15
 0 0 10 16
 0 0 10 17
 0 0 10 18
 0 0 10 19
 0 0 10 20
 0 0 10 21
 0 0 10 22
 0 0 10 23
 0 0 10 24
 0 0 10 25
 0 0 10 26
 0 0 10 27
 0 0 10 28
 0 0 10 29
 0 0 10 30
 0 0 10 31
 0 0 10 32
 0 0 10 33
 0 0 10 34
 0 0 10 35
 0 0 10 36
 0 0 11 -5
 0 0 11 -4
 0 0 11 -3
 0 0 11 -2
 0 0 11 -1
 0 0 11 0
 0 0 11 1
 0 0 11 2
 0 0 11 3
 0 0 11 4
 0 0 11 5
 0 0 11 6
 0 0 11 7
 0 0 11 8
 0 0 11 9
 0 0 11 10
 0 0 11 11
 0 0 11 12
 0 0 11 13
 0 0 11 14
 0 0 11 15
 0 0 11 16
 0 0 11 17
 0 0 11 18
 0 0 11 19
 0 0 11 20
 0 0 11 21
 0 0 11 22
 0 0 11 23
 0 0 11 24
 0 0 11 25
 0 0 11 26
 0 0 11 27
 0 0 11 28
 0 0 11 29
 0 0 11 30
 0 0 11 31
 0 0 11 32
 0 0 11 33
 0 0 11 34
 0 0 11 35
 0 0 12 -5
 0 0 12 -4
 0 0 12 -3
 0 0 12 -2
 0 0 12 -1
 0 0 12 0
 0 0 12 1
 0 0 12 2
 0 0 12 3
 0 0 12 4
 0 0 12 5
 0 0 12 6
 0 0 12 7
 0 0 12 8
 0 0 12 9
 0 0 12 10
 0 0 12 11
 0 0 12 12
 0 0 12 13
 0 0 12 14
 0 0 12 15
 0 0 12 16
 0 0 12 17
 0 0 12 18
 0 0 12 19
 0 0 12 20
 0 0 12 21
 0 0 12 22
 0 0 12 23
 0 0 12 24
 0 0 12 25
 0 0 12 26
 0 0 12 27
 0 0 12 28
 0 0 12 29
 0 0 12 30
 0 0 12 31
 0 0 12 32
 0 0 12 33
 0 0 12 34
 0 0 12 35
 0 0 13 -6
 0 0 13 -5
 0 0 13 -4
 0 0 13 -3
 0 0 13 -2
 0 0 13 -1
 0 0 13 0
 0 0 13 1
 0 0 13 2
 0 0 13 3
 0 0 13 4
 0 0 13 5
 0 0 13 6
 0 0 13 7
 0 0 13 8
 0 0 13 9
 0 0 13 10
 0 0 13 11
 0 0 13 12
 0 0 13 13
 0 0 13 14
 0 0 13 15
 0 0 13 16
 0 0 13 17
 0 0 13 18
 0 0 13 19
 0 0 13 20
 0 0 13 21
 0 0 13 22
 0 0 13 23
 0 0 13 24
 0 0 13 25
 0 0 13 26
 0 0 13 27
 0 0 13 28
 0 0 13 29
 0 0 13 30
 0 0 13 31
 0 0 13 32
 0 0 13 33
 0 0 13 34
 0 0 14 -6
 0 0 14 -5
 0 0 14 -4
 0 0 14 -3
 0 0 14 -2
 0 0 14 -1
 0 0 14 0
 0 0 14 1
 0 0 14 2
 0 0 14 3
 0 0 14 4
 0 0 14 5
 0 0 14 6
 0 0 14 7
 0 0 14 8
 0 0 14 9
 0 0 14 10
 0 0 14 11
 0 0 14 12
 0 0 14 13
 0 0 14 14
 0 0 14 15
 0 0 14 16
 0 0 14 17
 0 0 14 18
 0 0 14 19
 0 0 14 20
 0 0 14 21
 0 0 14 22
 0 0 14 23
 0 0 14 24
 0 0 14 25
 0 0 14 26
 0 0 14 27
 0 0 14 28
 0 0 14 29
 0 0 14 30
 0 0 14 31
 0 0 14 32
 0 0 14 33
 0 0 14 34
 0 0 15 -7
 0 0 15 -6
 0 0 15 -5
 0 0 15 -4
 0 0 15 -3
 0 0 15 -2
 0 0 15 -1
 0 0 15 0
 0 0 15 1
 0 0 15 2
 0 0 15 3
 0 0 15 4
 0 0 15 5
 0 0 15 6
 0 0 15 7
 0 0 15 8
 0 0 15 9
 0 0 15 10
 0 0 15 11
 0 0 15 12
 0 0 15 13
 0 0 15 14
 0 0 15 15
 0 0 15 16
 0 0 15 17
 0 0 15 18
 0 0 15 19
 0 0 15 20
 0 0 15 21
 0 0 15 22
 0 0 15 23
 0 0 15 24
 0 0 15 25
 0 0 15 26
 0 0 15 27
 0 0 15 28
 0 0 15 29
 0 0 15 30
 0 0 15 31
 0 0 15 32
 0 0 15 33
 0 0 16 -7
 0 0 16 -6
 0 0 16 -5
 0 0 16 -4
 0 0 16 -3
 0 0 16 -2
 0 0 16 -1
 0 0 16 0
 0 0 16 1
 0 0 16 2
 0 0 16 3
 0 0 16 4
 0 0 16 5
 0 0 16 6
 0 0 16 7
 0 0 16 8
 0 0 16 9
 0 0 16 10
 0 0 16 11
 0 0 16 12
 0 0 16 13
 0 0 16 14
 0 0 16 15
 0 0 16 16
 0 0 16 17
 0 0 16 18
 0 0 16 19
 0 0 16 20
 0 0 16 21
 0 0 16 22
 0 0 16 23
 0 0 16 24
 0 0 16 25
 0 0 16 26
 0 0 16 27
 0 0 16 28
 0 0 16 29
 0 0 16 30
 0 0 16 31
 0 0 16 32
 0 0 16 33
 0 0 17 -8
 0 0 17 -7
 0 0 17 -6
 0 0 17 -5
 0 0 17 -4
 0 0 17 -3
 0 0 17 -2
 0 0 17 -1
 0 0 17 0
 0 0 17 1
 0 0 17 2
 0 0 17 3
 0 0 17 4
 0 0 17 5
 0 0 17 6
 0 0 17 7
 0 0 17 8
 0 0 17 9
 0 0 17 10
 0 0 17 11
 0 0 17 12
 0 0 17 13
 0 0 17 14
 0 0 17 15
 0 0 17 16
 0 0 17 17
 0 0 17 18
 0 0 17 19
 0 0 17 20
 0 0 17 21
 0 0 17 22
 0 0 17 23
 0 0 17 24
 0 0 17 25
 0 0 17 26
 0 0 17 27
 0 0 17 28
 0 0 17 29
 0 0 17 30
 0 0 17 31
 0 0 17 32
 0 0 18 -8
 0 0 18 -7
 0 0 18 -6
 0 0 18 -5
 0 0 18 -4
 0 0 18 -3
 0 0 18 -2
 0 0 18 -1
 0 0 18 0
 0 0 18 1
 0 0 18 2
 0 0 18 3
 0 0 18 4
 0 0 18 5
 0 0 18 6
 0 0 18 7
 0 0 18 8
 0 0 18 9
 0 0 18 10
 0 0 18 11
 0 0 18 12
 0 0 18 13
 0 0 18 14
 0 0 18 15
 0 0 18 16
 0 0 18 17
 0 0 18 18
 0 0 18 19
 0 0 18 20
 0 0 18 21
 0 0 18 22
 0 0 18 23
 0 0 18 24
 0 0 18 25
 0 0 18 26
 0 0 18 27
 0 0 18 28
 0 0 18 29
 0 0 18 30
 0 0 18 31
 0 0 18 32
 0 0 19 -9
 0 0 19 -8
 0 0 19 -7
 0 0 19 -6
 0 0 19 -5
 0 0 19 -4
 0 0 19 -3
 0 0 19 -2
 0 0 19 -1
 0 0 19 0
 0 0 19 1
 0 0 19 2
 0 0 19 3
 0 0 19 4
 0 0 19 5
 0 0 19 6
 0 0 19 7
 0 0 19 8
 0 0 19 9
 0 0 19 10
 0 0 19 11
 0 0 19 12
 0 0 19 13
 0 0 19 14
 0 0 19 15
 0 0 19 16
 0 0 19 17
 0 0 19 18
 0 0 19 19
 0 0 19 20
 0 0 19 21
 0 0 19 22
 0 0 19 23
 0 0 19 24
 0 0 19 25
 0 0 19 26
 0 0 19 27
 0 0 19 28
 0 0 19 29
 0 0 19 30
 0 0 19 31
 0 0 20 -9
 0 0 20 -8
 0 0 20 -7
 0 0 20 -6
 0 0 20 -5
 0 0 20 -4
 0 0 20 -3
 0 0 20 -2
 0 0 20 -1
 0 0 20 0
 0 0 20 1
 0 0 20 2
 0 0 20 3
 0 0 20 4
 0 0 20 5
 0 0 20 6
 0 0 20 7
 0 0 20 8
 0 0 20 9
 0 0 20 10
 0 0 20 11
 0 0 20 12
 0 0 20 13
 0 0 20 14
 0 0 20 15
 0 0 20 16
 0 0 20 17
 0 0 20 18
 0 0 20 19
 0 0 20 20
 0 0 20 21
 0 0 20 22
 0 0 20 23
 0 0 20 24
 0 0 20 25
 0 0 20 26
 0 0 20 27
 0 0 20 28
 0 0 20 29
 0 0 20 30
 0 0 20 31
 0 0 21 -10
 0 0 21 -9
 0 0 21 -8
 0 0 21 -7
 0 0 21 -6
 0 0 21 -5
 0 0 21 -4
 0 0 21 -3
 0 0 21 -2
 0 0 21 -1
 0 0 21 0
 0 0 21 1
 0 0 21 2
 0 0 21 3
 0 0 21 4
 0 0 21 5
 0 0 21 6
 0 0 21 7
 0 0 21 8
 0 0 21 9
 0 0 21 10
 0 0 21 11
 0 0 21 12
 0 0 21 13
 0 0 21 14
 0 0 21 15
 0 0 21 16
 0 0 21 17
 0 0 21 18
 0 0 21 19
 0 0 21 20
 0 0 21 21
 0 0 21 22
 0 0 21 23
 0 0 21 24
 0 0 21 25
 0 0 21 26
 0 0 21 27
 0 0 21 28
 0 0 21 29
 0 0 21 30
 0 0 22 -10
 0 0 22 -9
 0 0 22 -8
 0 0 22 -7
 0 0 22 -6
 0 0 22 -5
 0 0 22 -4
 0 0 22 -3
 0 0 22 -2
 0 0 22 -1
 0 0 22 0
 0 0 22 1
 0 0 22 2
 0 0 22 3
 0 0 22 4
 0 0 22 5
 0 0 22 6
 0 0 22 7
 0 0 22 8
 0 0 22 9
 0 0 22 10
 0 0 22 11
 0 0 22 12
 0 0 22 13
 0 0 22 14
 0 0 22 15
 0 0 22 16
 0 0 22 17
 0 0 22 18
 0 0 22 19
 0 0 22 20
 0 0 22 21
 0 0 22 22
 0 0 22 23
 0 0 22 24
 0 0 22 25
 0 0 22 26
 0 0 22 27
 0 0 22 28
 0 0 22 29
 0 0 22 30
 0 0 23 -11
 0 0 23 -10
 0 0 23 -9
 0 0 23 -8
 0 0 23 -7
 0 0 23 -6
 0 0 23 -5
 0 0 23 -4
 0 0 23 -3
 0 0 23 -2
 0 0 23 -1
 0 0 23 0
 0 0 23 1
 0 0 23 2
 0 0 23 3
 0 0 23 4
 0 0 23 5
 0 0 23 6
 0 0 23 7
 0 0 23 8
 0 0 23 9
 0 0 23 10
 0 0 23 11
 0 0 23 12
 0 0 23 13
 0 0 23 14
 0 0 23 15
 0 0 23 16
 0 0 23 17
 0 0 23 18
 0 0 23 19
 0 0 23 20
 0 0 23 21
 0 0 23 22
 0 0 23 23
 0 0 23 24
 0 0 23 25
 0 0 23 26
 0 0 23 27
 0 0 23 28
 0 0 23 29
 0 0 24 -11
 0 0 24 -10
 0 0 24 -9
 0 0 24 -8
 0 0 24 -7
 0 0 24 -6
 0 0 24 -5
 0 0 24 -4
 0 0 24 -3
 0 0 24 -2
 0 0 24 -1
 0 0 24 0
 0 0 24 1
 0 0 24 2
 0 0 24 3
 0 0 24 4
 0 0 24 5
 0 0 24 6
 0 0 24 7
 0 0 24 8
 0 0 24 9
 0 0 24 10
 0 0 24 11
 0 0 24 12
 0 0 24 13
 0 0 24 14
 0 0 24 15
 0 0 24 16
 0 0 24 17
 0 0 24 18
 0 0 24 19
 0 0 24 20
 0 0 24 21
 0 0 24 22
 0 0 24 23
 0 0 24 24
 0 0 24 25
 0 0 24 26
 0 0 24 27
 0 0 24 28
 0 0 24 29
 0 0 25 -12
 0 0 25 -11
 0 0 25 -10
 0 0 25 -9
 0 0 25 -8
 0 0 25 -7
 0 0 25 -6
 0 0 25 -5
 0 0 25 -4
 0 0 25 -3
 0 0 25 -2
 0 0 25 -1
 0 0 25 0
 0 0 25 1
 0 0 25 2
 0 0 25 3
 0 0 25 4
 0 0 25 5
 0 0 25 6
 0 0 25 7
 0 0 25 8
 0 0 25 9
 0 0 25 10
 0 0 25 11
 0 0 25 12
 0 0 25 13
 0 0 25 14
 0 0 25 15
 0 0 25 16
 0 0 25 17
 0 0 25 18
 0 0 25 19
 0 0 25 20
 0 0 25 21
 0 0 25 22
 0 0 25 23
 0 0 25 24
 0 0 25 25
 0 0 25 26
 0 0 25 27
 0 0 25 28
 0 0 26 -12
 0 0 26 -11
 0 0 26 -10
 0 0 26 -9
 0 0 26 -8
 0 0 26 -7
 0 0 26 -6
 0 0 26 -5
 0 0 26 -4
 0 0 26 -3
 0 0 26 -2
 0 0 26 -1
 0 0 26 0
 0 0 26 1
 0 0 26 2
 0 0 26 3
 0 0 26 4
 0 0 26 5
 0 0 26 6
 0 0 26 7
 0 0 26 8
 0 0 26 9
 0 0 26 10
 0 0 26 11
 0 0 26 12
 0 0 26 13
 0 0 26 14
 0 0 26 15
 0 0 26 16
 0 0 26 17
 0 0 26 18
 0 0 26 19
 0 0 26 20
 0 0 26 21
 0 0 26 22
 0 0 26 23
 0 0 26 24
 0 0 26 25
 0 0 26 26
 0 0 26 27
 0 0 26 28
 0 0 27 -13
 0 0 27 -12
 0 0 27 -11
 0 0 27 -10
 0 0 27 -9
 0 0 27 -8
 0 0 27 -7
 0 0 27 -6
 0 0 27 -5
 0 0 27 -4
 0 0 27 -3
 0 0 27 -2
 0 0 27 -1
 0 0 27 0
 0 0 27 1
 0 0 27 2
 0 0 27 3
 0 0 27 4
 0 0 27 5
 0 0 27 6
 0 0 27 7
 0 0 27 8
 0 0 27 9
 0 0 27 10
 0 0 27 11
 0 0 27 12
 0 0 27 13
 0 0 27 14
 0 0 27 15
 0 0 27 16
 0 0 27 17
 0 0 27 18
 0 0 27 19
 0 0 27 20
 0 0 27 21
 0 0 27 22
 0 0 27 23
 0 0 27 24
 0 0 27 25
 0 0 27 26
 0 0 27 27
 0 0 28 -13
 0 0 28 -12
 0 0 28 -11
 0 0 28 -10
 0 0 28 -9
 0 0 28 -8
 0 0 28 -7
 0 0 28 -6
 0 0 28 -5
 0 0 28 -4
 0 0 28 -3
 0 0 28 -2
 0 0 28 -1
 0 0 28 0
 0 0 28 1
 0 0 28 2
 0 0 28 3
 0 0 28 4
 0 0 28 5
 0 0 28 6
 0 0 28 7
 0 0 28 8
 0 0 28 9
 0 0 28 10
 0 0 28 11
 0 0 28 12
 0 0 28 13
 0 0 28 14
 0 0 28 15
 0 0 28 16
 0 0 28 17
 0 0 28 18
 0 0 28 19
 0 0 28 20
 0 0 28 21
 0 0 28 22
 0 0 28 23
 0 0 28 24
 0 0 28 25
 0 0 28 26
 0 0 29 -14
 0 0 29 -13
 0 0 29 -12
 0 0 29 -11
 0 0 29 -10
 0 0 29 -9
 0 0 29 -8
 0 0 29 -7
 0 0 29 -6
 0 0 29 -5
 0 0 29 -4
 0 0 29 -3
 0 0 29 -2
 0 0 29 -1
 0 0 29 0
 0 0 29 1
 0 0 29 2
 0 0 29 3
 0 0 29 4
 0 0 29 5
 0 0 29 6
 0 0 29 7
 0 0 29 8
 0 0 29 9
 0 0 29 10
 0 0 29 11
 0 0 29 12
 0 0 29 13
 0 0 29 14
 0 0 29 15
 0 0 29 16
 0 0 29 17
 0 0 29 18
 0 0 29 19
 0 0 29 20
 0 0 29 21
 0 0 29 22
 0 0 29 23
 0 0 29 24
 0 0 30 -14
 0 0 30 -13
 0 0 30 -12
 0 0 30 -11
 0 0 30 -10
 0 0 30 -9
 0 0 30 -8
 0 0 30 -7
 0 0 30 -6
 0 0 30 -5
 0 0 30 -4
 0 0 30 -3
 0 0 30 -2
 0 0 30 -1
 0 0 30 0
 0 0 30 1
 0 0 30 2
 0 0 30 3
 0 0 30 4
 0 0 30 5
 0 0 30 6
 0 0 30 7
 0 0 30 8
 0 0 30 9
 0 0 30 10
 0 0 30 11
 0 0 30 12
 0 0 30 13
 0 0 30 14
 0 0 30 15
 0 0 30 16
 0 0 30 17
 0 0 30 18
 0 0 30 19
 0 0 30 20
 0 0 30 21
 0 0 30 22
 0 0 31 -15
 0 0 31 -14
 0 0 31 -13
 0 0 31 -12
 0 0 31 -11
 0 0 31 -10
 0 0 31 -9
 0 0 31 -8
 0 0 31 -7
 0 0 31 -6
 0 0 31 -5
 0 0 31 -4
 0 0 31 -3
 0 0 31 -2
 0 0 31 -1
 0 0 31 0
 0 0 31 1
 0 0 31 2
 0 0 31 3
 0 0 31 4
 0 0 31 5
 0 0 31 6
 0 0 31 7
 0 0 31 8
 0 0 31 9
 0 0 31 10
 0 0 31 11
 0 0 31 12
 0 0 31 13
 0 0 31 14
 0 0 31 15
 0 0 31 16
 0 0 31 17
 0 0 31 18
 0 0 31 19
 0 0 31 20
 0 0 32 -15
 0 0 32 -14
 0 0 32 -13
 0 0 32 -12
 0 0 32 -11
 0 0 32 -10
 0 0 32 -9
 0 0 32 -8
 0 0 32 -7
 0 0 32 -6
 0 0 32 -5
 0 0 32 -4
 0 0 32 -3
 0 0 32 -2
 0 0 32 -1
 0 0 32 0
 0 0 32 1
 0 0 32 2
 0 0 32 3
 0 0 32 4
 0 0 32 5
 0 0 32 6
 0 0 32 7
 0 0 32 8
 0 0 32 9
 0 0 32 10
 0 0 32 11
 0 0 32 12
 0 0 32 13
 0 0 32 14
 0 0 32 15
 0 0 32 16
 0 0 32 17
 0 0 32 18
 0 0 33 -16
 0 0 33 -15
 0 0 33 -14
 0 0 33 -13
 0 0 33 -12
 0 0 33 -11
 0 0 33 -10
 0 0 33 -9
 0 0 33 -8
 0 0 33 -7
 0 0 33 -6
 0 0 33 -5
 0 0 33 -4
 0 0 33 -3
 0 0 33 -2
 0 0 33 -1
 0 0 33 0
 0 0 33 1
 0 0 33 2
 0 0 33 3
 0 0 33 4
 0 0 33 5
 0 0 33 6
 0 0 33 7
 0 0 33 8
 0 0 33 9
 0 0 33 10
 0 0 33 11
 0 0 33 12
 0 0 33 13
 0 0 33 14
 0 0 33 15
 0 0 33 16
 0 0 34 -16
 0 0 34 -15
 0 0 34 -14
 0 0 34 -13
 0 0 34 -12
 0 0 34 -11
 0 0 34 -10
 0 0 34 -9
 0 0 34 -8
 0 0 34 -7
 0 0 34 -6
 0 0 34 -5
 0 0 34 -4
 0 0 34 -3
 0 0 34 -2
 0 0 34 -1
 0 0 34 0
 0 0 34 1
 0 0 34 2
 0 0 34 3
 0 0 34 4
 0 0 34 5
 0 0 34 6
 0 0 34 7
 0 0 34 8
 0 0 34 9
 0 0 34 10
 0 0 34 11
 0 0 34 12
 0 0 34 13
 0 0 34 14
 0 0 35 -17
 0 0 35 -16
 0 0 35 -15
 0 0 35 -14
 0 0 35 -13
 0 0 35 -12
 0 0 35 -11
 0 0 35 -10
 0 0 35 -9
 0 0 35 -8
 0 0 35 -7
 0 0 35 -6
 0 0 35 -5
 0 0 35 -4
 0 0 35 -3
 0 0 35 -2
 0 0 35 -1
 0 0 35 0
 0 0 35 1
 0 0 35 2
 0 0 35 3
 0 0 35 4
 0 0 35 5
 0 0 35 6
 0 0 35 7
 0 0 35 8
 0 0 35 9
 0 0 35 10
 0 0 35 11
 0 0 35 12
 0 0 36 -17
 0 0 36 -16
 0 0 36 -15
 0 0 36 -14
 0 0 36 -13
 0 0 36 -12
 0 0 36 -11
 0 0 36 -10
 0 0 36 -9
 0 0 36 -8
 0 0 36 -7
 0 0 36 -6
 0 0 36 -5
 0 0 36 -4
 0 0 36 -3
 0 0 36 -2
 0 0 36 -1
 0 0 36 0
 0 0 36 1
 0 0 36 2
 0 0 36 3
 0 0 36 4
 0 0 36 5
 0 0 36 6
 0 0 36 7
 0 0 36 8
 0 0 36 9
 0 0 36 10
 0 0 37 -18
 0 0 37 -17
 0 0 37 -16
 0 0 37 -15
 0 0 37 -14
 0 0 37 -13
 0 0 37 -12
 0 0 37 -11
 0 0 37 -10
 0 0 37 -9
 0 0 37 -8
 0 0 37 -7
 0 0 37 -6
 0 0 37 -5
 0 0 37 -4
 0 0 37 -3
 0 0 37 -2
 0 0 37 -1
 0 0 37 0
 0 0 37 1
 0 0 37 2
 0 0 37 3
 0 0 37 4
 0 0 37 5
 0 0 37 6
 0 0 37 7
 0 0 37 8
 0 0 38 -18
 0 0 38 -17
 0 0 38 -16
 0 0 38 -15
 0 0 38 -14
 0 0 38 -13
 0 0 38 -12
 0 0 38 -11
 0 0 38 -10
 0 0 38 -9
 0 0 38 -8
 0 0 38 -7
 0 0 38 -6
 0 0 38 -5
 0 0 38 -4
 0 0 38 -3
 0 0 38 -2
 0 0 38 -1
 0 0 38 0
 0 0 38 1
 0 0 38 2
 0 0 38 3
 0 0 38 4
 0 0 38 5
 0 0 38 6
 0 0 39 -19
 0 0 39 -18
 0 0 39 -17
 0 0 39 -16
 0 0 39 -15
 0 0 39 -14
 0 0 39 -13
 0 0 39 -12
 0 0 39 -11
 0 0 39 -10
 0 0 39 -9
 0 0 39 -8
 0 0 39 -7
 0 0 39 -6
 0 0 39 -5
 0 0 39 -4
 0 0 39 -3
 0 0 39 -2
 0 0 39 -1
 0 0 39 0
 0 0 39 1
 0 0 39 2
 0 0 39 3
 0 0 39 4
 0 0 40 -19
 0 0 40 -18
 0 0 40 -17
 0 0 40 -16
 0 0 40 -15
 0 0 40 -14
 0 0 40 -13
 0 0 40 -12
 0 0 40 -11
 0 0 40 -10
 0 0 40 -9
 0 0 40 -8
 0 0 40 -7
 0 0 40 -6
 0 0 40 -5
 0 0 40 -4
 0 0 40 -3
 0 0 40 -2
 0 0 40 -1
 0 0 40 0
 0 0 40 1
 0 0 40 2
 0 0 41 -20
 0 0 41 -19
 0 0 41 -18
 0 0 41 -17
 0 0 41 -16
 0 0 41 -15
 0 0 41 -14
 0 0 41 -13
 0 0 41 -12
 0 0 41 -11
 0 0 41 -10
 0 0 41 -9
 0 0 41 -8
 0 0 41 -7
 0 0 41 -6
 0 0 41 -5
 0 0 41 -4
 0 0 41 -3
 0 0 41 -2
 0 0 41 -1
 0 0 41 0
 0 0 42 -20
 0 0 42 -19
 0 0 42 -18
 0 0 42 -17
 0 0 42 -16
 0 0 42 -15
 0 0 42 -14
 0 0 42 -13
 0 0 42 -12
 0 0 42 -11
 0 0 42 -10
 0 0 42 -9
 0 0 42 -8
 0 0 42 -7
 0 0 42 -6
 0 0 42 -5
 0 0 42 -4
 0 0 42 -3
 0 0 42 -2
 0 0 43 -21
 0 0 43 -20
 0 0 43 -19
 0 0 43 -18
 0 0 43 -17
 0 0 43 -16
 0 0 43 -15
 0 0 43 -14
 0 0 43 -13
 0 0 43 -12
 0 0 43 -11
 0 0 43 -10
 0 0 43 -9
 0 0 43 -8
 0 0 43 -7
 0 0 43 -6
 0 0 43 -5
 0 0 43 -4
 0 0 44 -21
 0 0 44 -20
 0 0 44 -19
 0 0 44 -18
 0 0 44 -17
 0 0 44 -16
 0 0 44 -15
 0 0 44 -14
 0 0 44 -13
 0 0 44 -12
 0 0 44 -11
 0 0 44 -10
 0 0 44 -9
 0 0 44 -8
 0 0 44 -7
 0 0 44 -6
 0 0 45 -22
 0 0 45 -21
 0 0 45 -20
 0 0 45 -19
 0 0 45 -18
 0 0 45 -17
 0 0 45 -16
 0 0 45 -15
 0 0 45 -14
 0 0 45 -13
 0 0 45 -12
 0 0 45 -11
 0 0 45 -10
 0 0 45 -9
 0 0 45 -8
 0 0 46 -22
 0 0 46 -21
 0 0 46 -20
 0 0 46 -19
 0 0 46 -18
 0 0 46 -17
 0 0 46 -16
 0 0 46 -15
 0 0 46 -14
 0 0 46 -13
 0 0 46 -12
 0 0 46 -11
 0 0 46 -10
 0 0 47 -23
 0 0 47 -22
 0 0 47 -21
 0 0 47 -20
 0 0 47 -19
 0 0 47 -18
 0 0 47 -17
 0 0 47 -16
 0 0 47 -15
 0 0 47 -14
 0 0 47 -13
 0 0 47 -12
 0 0 48 -23
 0 0 48 -22
 0 0 48 -21
 0 0 48 -20
 0 0 48 -19
 0 0 48 -18
 0 0 48 -17
 0 0 48 -16
 0 0 48 -15
 0 0 48 -14
 0 0 49 -24
 0 0 49 -23
 0 0 49 -22
 0 0 49 -21
 0 0 49 -20
 0 0 49 -19
 0 0 49 -18
 0 0 49 -17
 0 0 49 -16
 0 0 50 -24
 0 0 50 -23
 0 0 50 -22
 0 0 50 -21
 0 0 50 -20
 0 0 50 -19
 0 0 50 -18
 0 0 51 -25
 0 0 51 -24
 0 0 51 -23
 0 0 51 -22
 0 0 51 -21
 0 0 51 -20
 0 0 52 -25
 0 0 52 -24
 0 0 52 -23
 0 0 52 -22
 0 0 53 -26
 0 0 53 -25
 0 0 53 -24
 0 0 54 -26
 0 1 -28 54
 0 1 -27 52
 0 1 -27 53
 0 1 -26 50
 0 1 -26 51
 0 1 -26 52
 0 1 -26 53
 0 1 -25 48
 0 1 -25 49
 0 1 -25 50
 0 1 -25 51
 0 1 -25 52
 0 1 -24 46
 0 1 -24 47
 0 1 -24 48
 0 1 -24 49
 0 1 -24 50
 0 1 -24 51
 0 1 -24 52
 0 1 -23 44
 0 1 -23 45
 0 1 -23 46
 0 1 -23 47
 0 1 -23 48
 0 1 -23 49
 0 1 -23 50
 0 1 -23 51
 0 1 -22 42
 0 1 -22 43
 0 1 -22 44
 0 1 -22 45
 0 1 -22 46
 0 1 -22 47
 0 1 -22 48
 0 1 -22 49
 0 1 -22 50
 0 1 -22 51
 0 1 -21 40
 0 1 -21 41
 0 1 -21 42
 0 1 -21 43
 0 1 -21 44
 0 1 -21 45
 0 1 -21 46
 0 1 -21 47
 0 1 -21 48
 0 1 -21 49
 0 1 -21 50
 0 1 -20 38
 0 1 -20 39
 0 1 -20 40
 0 1 -20 41
 0 1 -20 42
 0 1 -20 43
 0 1 -20 44
 0 1 -20 45
 0 1 -20 46
 0 1 -20 47
 0 1 -20 48
 0 1 -20 49
 0 1 -20 50
 0 1 -19 36
 0 1 -19 37
 0 1 -19 38
 0 1 -19 39
 0 1 -19 40
 0 1 -19 41
 0 1 -19 42
 0 1 -19 43
 0 1 -19 44
 0 1 -19 45
 0 1 -19 46
 0 1 -19 47
 0 1 -19 48
 0 1 -19 49
 0 1 -18 34
 0 1 -18 35
 0 1 -18 36
 0 1 -18 37
 0 1 -18 38
 0 1 -18 39
 0 1 -18 40
 0 1 -18 41
 0 1 -18 42
 0 1 -18 43
 0 1 -18 44
 0 1 -18 45
 0 1 -18 46
 0 1 -18 47
 0 1 -18 48
 0 1 -18 49
 0 1 -17 32
 0 1 -17 33
 0 1 -17 34
 0 1 -17 35
 0 1 -17 36
 0 1 -17 37
 0 1 -17 38
 0 1 -17 39
 0 1 -17 40
 0 1 -17 41
 0 1 -17 42
 0 1 -17 43
 0 1 -17 44
 0 1 -17 45
 0 1 -17 46
 0 1 -17 47
 0 1 -17 48
 0 1 -16 30
 0 1 -16 31
 0 1 -16 32
 0 1 -16 33
 0 1 -16 34
 0 1 -16 35
 0 1 -16 36
 0 1 -16 37
 0 1 -16 38
 0 1 -16 39
 0 1 -16 40
 0 1 -16 41
 0 1 -16 42
 0 1 -16 43
 0 1 -16 44
 0 1 -16 45
 0 1 -16 46
 0 1 -16 47
 0 1 -16 48
 0 1 -15 28
 0 1 -15 29
 0 1 -15 30
 0 1 -15 31
 0 1 -15 32
 0 1 -15 33
 0 1 -15 34
 0 1 -15 35
 0 1 -15 36
 0 1 -15 37
 0 1 -15 38
 0 1 -15 39
 0 1 -15 40
 0 1 -15 41
 0 1 -15 42
 0 1 -15 43
 0 1 -15 44
 0 1 -15 45
 0 1 -15 46
 0 1 -15 47
 0 1 -14 26
 0 1 -14 27
 0 1 -14 28
 0 1 -14 29
 0 1 -14 30
 0 1 -14 31
 0 1 -14 32
 0 1 -14 33
 0 1 -14 34
 0 1 -14 35
 0 1 -14 36
 0 1 -14 37
 0 1 -14 38
 0 1 -14 39
 0 1 -14 40
 0 1 -14 41
 0 1 -14 42
 0 1 -14 43
 0 1 -14 44
 0 1 -14 45
 0 1 -14 46
 0 1 -14 47
 0 1 -13 24
 0 1 -13 25
 0 1 -13 26
 0 1 -13 27
 0 1 -13 28
 0 1 -13 29
 0 1 -13 30
 0 1 -13 31
 0 1 -13 32
 0 1 -13 33
 0 1 -13 34
 0 1 -13 35
 0 1 -13 36
 0 1 -13 37
 0 1 -13 38
 0 1 -13 39
 0 1 -13 40
 0 1 -13 41
 0 1 -13 42
 0 1 -13 43
 0 1 -13 44
 0 1 -13 45
 0 1 -13 46
 0 1 -12 22
 0 1 -12 23
 0 1 -12 24
 0 1 -12 25
 0 1 -12 26
 0 1 -12 27
 0 1 -12 28
 0 1 -12 29
 0 1 -12 30
 0 1 -12 31
 0 1 -12 32
 0 1 -12 33
 0 1 -12 34
 0 1 -12 35
 0 1 -12 36
 0 1 -12 37
 0 1 -12 38
 0 1 -12 39
 0 1 -12 40
 0 1 -12 41
 0 1 -12 42
 0 1 -12 43
 0 1 -12 44
 0 1 -12 45
 0 1 -12 46
 0 1 -11 20
 0 1 -11 21
 0 1 -11 22
 0 1 -11 23
 0 1 -11 24
 0 1 -11 25
 0 1 -11 26
 0 1 -11 27
 0 1 -11 28
 0 1 -11 29
 0 1 -11 30
 0 1 -11 31
 0 1 -11 32
 0 1 -11 33
 0 1 -11 34
 0 1 -11 35
 0 1 -11 36
 0 1 -11 37
 0 1 -11 38
 0 1 -11 39
 0 1 -11 40
 0 1 -11 41
 0 1 -11 42
 0 1 -11 43
 0 1 -11 44
 0 1 -11 45
 0 1 -10 18
 0 1 -10 19
 0 1 -10 20
 0 1 -10 21
 0 1 -10 22
 0 1 -10 23
 0 1 -10 24
 0 1 -10 25
 0 1 -10 26
 0 1 -10 27
 0 1 -10 28
 0 1 -10 29
 0 1 -10 30
 0 1 -10 31
 0 1 -10 32
 0 1 -10 33
 0 1 -10 34
 0 1 -10 35
 0 1 -10 36
 0 1 -10 37
 0 1 -10 38
 0 1 -10 39
 0 1 -10 40
 0 1 -10 41
 0 1 -10 42
 0 1 -10 43
 0 1 -10 44
 0 1 -10 45
 0 1 -9 16
 0 1 -9 17
 0 1 -9 18
 0 1 -9 19
 0 1 -9 20
 0 1 -9 21
 0 1 -9 22
 0 1 -9 23
 0 1 -9 24
 0 1 -9 25
 0 1 -9 26
 0 1 -9 27
 0 1 -9 28
 0 1 -9 29
 0 1 -9 30
 0 1 -9 31
 0 1 -9 32
 0 1 -9 33
 0 1 -9 34
 0 1 -9 35
 0 1 -9 36
 0 1 -9 37
 0 1 -9 38
 0 1 -9 39
 0 1 -9 40
 0 1 -9 41
 0 1 -9 42
 0 1 -9 43
 0 1 -9 44
 0 1 -8 14
 0 1 -8 15
 0 1 -8 16
 0 1 -8 17
 0 1 -8 18
 0 1 -8 19
 0 1 -8 20
 0 1 -8 21
 0 1 -8 22
 0 1 -8 23
 0 1 -8 24
 0 1 -8 25
 0 1 -8 26
 0 1 -8 27
 0 1 -8 28
 0 1 -8 29
 0 1 -8 30
 0 1 -8 31
 0 1 -8 32
 0 1 -8 33
 0 1 -8 34
 0 1 -8 35
 0 1 -8 36
 0 1 -8 37
 0 1 -8 38
 0 1 -8 39
 0 1 -8 40
 0 1 -8 41
 0 1 -8 42
 0 1 -8 43
 0 1 -8 44
 0 1 -7 12
 0 1 -7 13
 0 1 -7 14
 0 1 -7 15
 0 1 -7 16
 0 1 -7 17
 0 1 -7 18
 0 1 -7 19
 0 1 -7 20
 0 1 -7 21
 0 1 -7 22
 0 1 -7 23
 0 1 -7 24
 0 1 -7 25
 0 1 -7 26
 0 1 -7 27
 0 1 -7 28
 0 1 -7 29
 0 1 -7 30
 0 1 -7 31
 0 1 -7 32
 0 1 -7 33
 0 1 -7 34
 0 1 -7 35
 0 1 -7 36
 0 1 -7 37
 0 1 -7 38
 0 1 -7 39
 0 1 -7 40
 0 1 -7 41
 0 1 -7 42
 0 1 -7 43
 0 1 -6 10
 0 1 -6 11
 0 1 -6 12
 0 1 -6 13
 0 1 -6 14
 0 1 -6 15
 0 1 -6 16
 0 1 -6 17
 0 1 -6 18
 0 1 -6 19
 0 1 -6 20
 0 1 -6 21
 0 1 -6 22
 0 1 -6 23
 0 1 -6 24
 0 1 -6 25
 0 1 -6 26
 0 1 -6 27
 0 1 -6 28
 0 1 -6 29
 0 1 -6 30
 0 1 -6 31
 0 1 -6 32
 0 1 -6 33
 0 1 -6 34
 0 1 -6 35
 0 1 -6 36
 0 1 -6 37
 0 1 -6 38
 0 1 -6 39
 0 1 -6 40
 0 1 -6 41
 0 1 -6 42
 0 1 -6 43
 0 1 -5 8
 0 1 -5 9
 0 1 -5 10
 0 1 -5 11
 0 1 -5 12
 0 1 -5 13
 0 1 -5 14
 0 1 -5 15
 0 1 -5 16
 0 1 -5 17
 0 1 -5 18
 0 1 -5 19
 0 1 -5 20
 0 1 -5 21
 0 1 -5 22
 0 1 -5 23
 0 1 -5 24
 0 1 -5 25
 0 1 -5 26
 0 1 -5 27
 0 1 -5 28
 0 1 -5 29
 0 1 -5 30
 0 1 -5 31
 0 1 -5 32
 0 1 -5 33
 0 1 -5 34
 0 1 -5 35
 0 1 -5 36
 0 1 -5 37
 0 1 -5 38
 0 1 -5 39
 0 1 -5 40
 0 1 -5 41
 0 1 -5 42
 0 1 -4 6
 0 1 -4 7
 0 1 -4 8
 0 1 -4 9
 0 1 -4 10
 0 1 -4 11
 0 1 -4 12
 0 1 -4 13
 0 1 -4 14
 0 1 -4 15
 0 1 -4 16
 0 1 -4 17
 0 1 -4 18
 0 1 -4 19
 0 1 -4 20
 0 1 -4 21
 0 1 -4 22
 0 1 -4 23
 0 1 -4 24
 0 1 -4 25
 0 1 -4 26
 0 1 -4 27
 0 1 -4 28
 0 1 -4 29
 0 1 -4 30
 0 1 -4 31
 0 1 -4 32
 0 1 -4 33
 0 1 -4 34
 0 1 -4 35
 0 1 -4 36
 0 1 -4 37
 0 1 -4 38
 0 1 -4 39
 0 1 -4 40
 0 1 -4 41
 0 1 -4 42
 0 1 -3 4
 0 1 -3 5
 0 1 -3 6
 0 1 -3 7
 0 1 -3 8
 0 1 -3 9
 0 1 -3 10
 0 1 -3 11
 0 1 -3 12
 0 1 -3 13
 0 1 -3 14
 0 1 -3 15
 0 1 -3 16
 0 1 -3 17
 0 1 -3 18
 0 1 -3 19
 0 1 -3 20
 0 1 -3 21
 0 1 -3 22
 0 1 -3 23
 0 1 -3 24
 0 1 -3 25
 0 1 -3 26
 0 1 -3 27
 0 1 -3 28
 0 1 -3 29
 0 1 -3 30
 0 1 -3 31
 0 1 -3 32
 0 1 -3 33
 0 1 -3 34
 0 1 -3 35
 0 1 -3 36
 0 1 -3 37
 0 1 -3 38
 0 1 -3 39
 0 1 -3 40
 0 1 -3 41
 0 1 -2 2
 0 1 -2 3
 0 1 -2 4
 0 1 -2 5
 0 1 -2 6
 0 1 -2 7
 0 1 -2 8
 0 1 -2 9
 0 1 -2 10
 0 1 -2 11
 0 1 -2 12
 0 1 -2 13
 0 1 -2 14
 0 1 -2 15
 0 1 -2 16
 0 1 -2 17
 0 1 -2 18
 0 1 -2 19
 0 1 -2 20
 0 1 -2 21
 0 1 -2 22
 0 1 -2 23
 0 1 -2 24
 0 1 -2 25
 0 1 -2 26
 0 1 -2 27
 0 1 -2 28
 0 1 -2 29
 0 1 -2 30
 0 1 -2 31
 0 1 -2 32
 0 1 -2 33
 0 1 -2 34
 0 1 -2 35
 0 1 -2 36
 0 1 -2 37
 0 1 -2 38
 0 1 -2 39
 0 1 -2 40
 0 1 -2 41
 0 1 -1 0
 0 1 -1 1
 0 1 -1 2
 0 1 -1 3
 0 1 -1 4
 0 1 -1 5
 0 1 -1 6
 0 1 -1 7
 0 1 -1 8
 0 1 -1 9
 0 1 -1 10
 0 1 -1 11
 0 1 -1 12
 0 1 -1 13
 0 1 -1 14
 0 1 -1 15
 0 1 -1 16
 0 1 -1 17
 0 1 -1 18
 0 1 -1 19
 0 1 -1 20
 0 1 -1 21
 0 1 -1 22
 0 1 -1 23
 0 1 -1 24
 0 1 -1 25
 0 1 -1 26
 0 1 -1 27
 0 1 -1 28
 0 1 -1 29
 0 1 -1 30
 0 1 -1 31
 0 1 -1 32
 0 1 -1 33
 0 1 -1 34
 0 1 -1 35
 0 1 -1 36
 0 1 -1 37
 0 1 -1 38
 0 1 -1 39
 0 1 -1 40
 0 1 0 0
 0 1 0 1
 0 1 0 2
 0 1 0 3
 0 1 0 4
 0 1 0 5
 0 1 0 6
 0 1 0 7
 0 1 0 8
 0 1 0 9
 0 1 0 10
 0 1 0 11
 0 1 0 12
 0 1 0 13
 0 1 0 14
 0 1 0 15
 0 1 0 16
 0 1 0 17
 0 1 0 18
 0 1 0 19
 0 1 0 20
 0 1 0 21
 0 1 0 22
 0 1 0 23
 0 1 0 24
 0 1 0 25
 0 1 0 26
 0 1 0 27
 0 1 0 28
 0 1 0 29
 0 1 0 30
 0 1 0 31
 0 1 0 32
 0 1 0 33
 0 1 0 34
 0 1 0 35
 0 1 0 36
 0 1 0 37
 0 1 0 38
 0 1 0 39
 0 1 0 40
 0 1 1 -1
 0 1 1 0
 0 1 1 1
 0 1 1 2
 0 1 1 3
 0 1 1 4
 0 1 1 5
 0 1 1 6
 0 1 1 7
 0 1 1 8
 0 1 1 9
 0 1 1 10
 0 1 1 11
 0 1 1 12
 0 1 1 13
 0 1 1 14
 0 1 1 15
 0 1 1 16
 0 1 1 17
 0 1 1 18
 0 1 1 19
 0 1 1 20
 0 1 1 21
 0 1 1 22
 0 1 1 23
 0 1 1 24
 0 1 1 25
 0 1 1 26
 0 1 1 27
 0 1 1 28
 0 1 1 29
 0 1 1 30
 0 1 1 31
 0 1 1 32
 0 1 1 33
 0 1 1 34
 0 1 1 35
 0 1 1 36
 0 1 1 37
 0 1 1 38
 0 1 1 39
 0 1 2 -1
 0 1 2 0
 0 1 2 1
 0 1 2 2
 0 1 2 3
 0 1 2 4
 0 1 2 5
 0 1 2 6
 0 1 2 7
 0 1 2 8
 0 1 2 9
 0 1 2 10
 0 1 2 11
 0 1 2 12
 0 1 2 13
 0 1 2 14
 0 1 2 15
 0 1 2 16
 0 1 2 17
 0 1 2 18
 0 1 2 19
 0 1 2 20
 0 1 2 21
 0 1 2 22
 0 1 2 23
 0 1 2 24
 0 1 2 25
 0 1 2 26
 0 1 2 27
 0 1 2 28
 0 1 2 29
 0 1 2 30
 0 1 2 31
 0 1 2 32
 0 1 2 33
 0 1 2 34
 0 1 2 35
 0 1 2 36
 0 1 2 37
 0 1 2 38
 0 1 2 39
 0 1 3 -2
 0 1 3 -1
 0 1 3 0
 0 1 3 1
 0 1 3 2
 0 1 3 3
 0 1 3 4
 0 1 3 5
 0 1 3 6
 0 1 3 7
 0 1 3 8
 0 1 3 9
 0 1 3 10
 0 1 3 11
 0 1 3 12
 0 1 3 13
 0 1 3 14
 0 1 3 15
 0 1 3 16
 0 1 3 17
 0 1 3 18
 0 1 3 19
 0 1 3 20
 0 1 3 21
 0 1 3 22
 0 1 3 23
 0 1 3 24
 0 1 3 25
 0 1 3 26
 0 1 3 27
 0 1 3 28
 0 1 3 29
 0 1 3 30
 0 1 3 31
 0 1 3 32
 0 1 3 33
 0 1 3 34
 0 1 3 35
 0 1 3 36
 0 1 3 37
 0 1 3 38
 0 1 4 -2
 0 1 4 -1
 0 1 4 0
 0 1 4 1
 0 1 4 2
 0 1 4 3
 0 1 4 4
 0 1 4 5
 0 1 4 6
 0 1 4 7
 0 1 4 8
 0 1 4 9
 0 1 4 10
 0 1 4 11
 0 1 4 12
 0 1 4 13
 0 1 4 14
 0 1 4 15
 0 1 4 16
 0 1 4 17
 0 1 4 18
 0 1 4 19
 0 1 4 20
 0 1 4 21
 0 1 4 22
 0 1 4 23
 0 1 4 24
 0 1 4 25
 0 1 4 26
 0 1 4 27
 0 1 4 28
 0 1 4 29
 0 1 4 30
 0 1 4 31
 0 1 4 32
 0 1 4 33
 0 1 4 34
 0 1 4 35
 0 1 4 36
 0 1 4 37
 0 1 4 38
 0 1 5 -3
 0 1 5 -2
 0 1 5 -1
 0 1 5 0
 0 1 5 1
 0 1 5 2
 0 1 5 3
 0 1 5 4
 0 1 5 5
 0 1 5 6
 0 1 5 7
 0 1 5 8
 0 1 5 9
 0 1 5 10
 0 1 5 11
 0 1 5 12
 0 1 5 13
 0 1 5 14
 0 1 5 15
 0 1 5 16
 0 1 5 17
 0 1 5 18
 0 1 5 19
 0 1 5 20
 0 1 5 21
 0 1 5 22
 0 1 5 23
 0 1 5 24
 0 1 5 25
 0 1 5 26
 0 1 5 27
 0 1 5 28
 0 1 5 29
 0 1 5 30
 0 1 5 31
 0 1 5 32
 0 1 5 33
 0 1 5 34
 0 1 5 35
 0 1 5 36
 0 1 5 37
 0 1 6 -3
 0 1 6 -2
 0 1 6 -1
 0 1 6 0
 0 1 6 1
 0 1 6 2
 0 1 6 3
 0 1 6 4
 0 1 6 5
 0 1 6 6
 0 1 6 7
 0 1 6 8
 0 1 6 9
 0 1 6 10
 0 1 6 11
 0 1 6 12
 0 1 6 13
 0 1 6 14
 0 1 6 15
 0 1 6 16
 0 1 6 17
 0 1 6 18
 0 1 6 19
 0 1 6 20
 0 1 6 21
 0 1 6 22
 0 1 6 23
 0 1 6 24
 0 1 6 25
 0 1 6 26
 0 1 6 27
 0 1 6 28
 0 1 6 29
 0 1 6 30
 0 1 6 31
 0 1 6 32
 0 1 6 33
 0 1 6 34
 0 1 6 35
 0 1 6 36
 0 1 6 37
 0 1 7 -4
 0 1 7 -3
 0 1 7 -2
 0 1 7 -1
 0 1 7 0
 0 1 7 1
 0 1 7 2
 0 1 7 3
 0 1 7 4
 0 1 7 5
 0 1 7 6
 0 1 7 7
 0 1 7 8
 0 1 7 9
 0 1 7 10
 0 1 7 11
 0 1 7 12
 0 1 7 13
 0 1 7 14
 0 1 7 15
 0 1 7 16
 0 1 7 17
 0 1 7 18
 0 1 7 19
 0 1 7 20
 0 1 7 21
 0 1 7 22
 0 1 7 23
 0 1 7 24
 0 1 7 25
 0 1 7 26
 0 1 7 27
 0 1 7 28
 0 1 7 29
 0 1 7 30
 0 1 7 31
 0 1 7 32
 0 1 7 33
 0 1 7 34
 0 1 7 35
 0 1 7 36
 0 1 8 -4
 0 1 8 -3
 0 1 8 -2
 0 1 8 -1
 0 1 8 0
 0 1 8 1
 0 1 8 2
 0 1 8 3
 0 1 8 4
 0 1 8 5
 0 1 8 6
 0 1 8 7
 0 1 8 8
 0 1 8 9
 0 1 8 10
 0 1 8 11
 0 1 8 12
 0 1 8 13
 0 1 8 14
 0 1 8 15
 0 1 8 16
 0 1 8 17
 0 1 8 18
 0 1 8 19
 0 1 8 20
 0 1 8 21
 0 1 8 22
 0 1 8 23
 0 1 8 24
 0 1 8 25
 0 1 8 26
 0 1 8 27
 0 1 8 28
 0 1 8 29
 0 1 8 30
 0 1 8 31
 0 1 8 32
 0 1 8 33
 0 1 8 34
 0 1 8 35
 0 1 8 36
 0 1 9 -5
 0 1 9 -4
 0 1 9 -3
 0 1 9 -2
 0 1 9 -1
 0 1 9 0
 0 1 9 1
 0 1 9 2
 0 1 9 3
 0 1 9 4
 0 1 9 5
 0 1 9 6
 0 1 9 7
 0 1 9 8
 0 1 9 9
 0 1 9 10
 0 1 9 11
 0 1 9 12
 0 1 9 13
 0 1 9 14
 0 1 9 15
 0 1 9 16
 0 1 9 17
 0 1 9 18
 0 1 9 19
 0 1 9 20
 0 1 9 21
 0 1 9 22
 0 1 9 23
 0 1 9 24
 0 1 9 25
 0 1 9 26
 0 1 9 27
 0 1 9 28
 0 1 9 29
 0 1 9 30
 0 1 9 31
 0 1 9 32
 0 1 9 33
 0 1 9 34
 0 1 9 35
 0 1 10 -5
 0 1 10 -4
 0 1 10 -3
 0 1 10 -2
 0 1 10 -1
 0 1 10 0
 0 1 10 1
 0 1 10 2
 0 1 10 3
 0 1 10 4
 0 1 10 5
 0 1 10 6
 0 1 10 7
 0 1 10 8
 0 1 10 9
 0 1 10 10
 0 1 10 11
 0 1 10 12
 0 1 10 13
 0 1 10 14
 0 1 10 15
 0 1 10 16
 0 1 10 17
 0 1 10 18
 0 1 10 19
 0 1 10 20
 0 1 10 21
 0 1 10 22
 0 1 10 23
 0 1 10 24
 0 1 10 25
 0 1 10 26
 0 1 10 27
 0 1 10 28
 0 1 10 29
 0 1 10 30
 0 1 10 31
 0 1 10 32
 0 1 10 33
 0 1 10 34
 0 1 10 35
 0 1 11 -6
 0 1 11 -5
 0 1 11 -4
 0 1 11 -3
 0 1 11 -2
 0 1 11 -1
 0 1 11 0
 0 1 11 1
 0 1 11 2
 0 1 11 3
 0 1 11 4
 0 1 11 5
 0 1 11 6
 0 1 11 7
 0 1 11 8
 0 1 11 9
 0 1 11 10
 0 1 11 11
 0 1 11 12
 0 1 11 13
 0 1 11 14
 0 1 11 15
 0 1 11 16
 0 1 11 17
 0 1 11 18
 0 1 11 19
 0 1 11 20
 0 1 11 21
 0 1 11 22
 0 1 11 23
 0 1 11 24
 0 1 11 25
 0 1 11 26
 0 1 11 27
 0 1 11 28
 0 1 11 29
 0 1 11 30
 0 1 11 31
 0 1 11 32
 0 1 11 33
 0 1 11 34
 0 1 12 -6
 0 1 12 -5
 0 1 12 -4
 0 1 12 -3
 0 1 12 -2
 0 1 12 -1
 0 1 12 0
 0 1 12 1
 0 1 12 2
 0 1 12 3
 0 1 12 4
 0 1 12 5
 0 1 12 6
 0 1 12 7
 0 1 12 8
 0 1 12 9
 0 1 12 10
 0 1 12 11
 0 1 12 12
 0 1 12 13
 0 1 12 14
 0 1 12 15
 0 1 12 16
 0 1 12 17
 0 1 12 18
 0 1 12 19
 0 1 12 20
 0 1 12 21
 0 1 12 22
 0 1 12 23
 0 1 12 24
 0 1 12 25
 0 1 12 26
 0 1 12 27
 0 1 12 28
 0 1 12 29
 0 1 12 30
 0 1 12 31
 0 1 12 32
 0 1 12 33
 0 1 12 34
 0 1 13 -7
 0 1 13 -6
 0 1 13 -5
 0 1 13 -4
 0 1 13 -3
 0 1 13 -2
 0 1 13 -1
 0 1 13 0
 0 1 13 1
 0 1 13 2
 0 1 13 3
 0 1 13 4
 0 1 13 5
 0 1 13 6
 0 1 13 7
 0 1 13 8
 0 1 13 9
 0 1 13 10
 0 1 13 11
 0 1 13 12
 0 1 13 13
 0 1 13 14
 0 1 13 15
 0 1 13 16
 0 1 13 17
 0 1 13 18
 0 1 13 19
 0 1 13 20
 0 1 13 21
 0 1 13 22
 0 1 13 23
 0 1 13 24
 0 1 13 25
 0 1 13 26
 0 1 13 27
 0 1 13 28
 0 1 13 29
 0 1 13 30
 0 1 13 31
 0 1 13 32
 0 1 13 33
 0 1 14 -7
 0 1 14 -6
 0 1 14 -5
 0 1 14 -4
 0 1 14 -3
 0 1 14 -2
 0 1 14 -1
 0 1 14 0
 0 1 14 1
 0 1 14 2
 0 1 14 3
 0 1 14 4
 0 1 14 5
 0 1 14 6
 0 1 14 7
 0 1 14 8
 0 1 14 9
 0 1 14 10
 0 1 14 11
 0 1 14 12
 0 1 14 13
 0 1 14 14
 0 1 14 15
 0 1 14 16
 0 1 14 17
 0 1 14 18
 0 1 14 19
 0 1 14 20
 0 1 14 21
 0 1 14 22
 0 1 14 23
 0 1 14 24
 0 1 14 25
 0 1 14 26
 0 1 14 27
 0 1 14 28
 0 1 14 29
 0 1 14 30
 0 1 14 31
 0 1 14 32
 0 1 14 33
 0 1 15 -8
 0 1 15 -7
 0 1 15 -6
 0 1 15 -5
 0 1 15 -4
 0 1 15 -3
 0 1 15 -2
 0 1 15 -1
 0 1 15 0
 0 1 15 1
 0 1 15 2
 0 1 15 3
 0 1 15 4
 0 1 15 5
 0 1 15 6
 0 1 15 7
 0 1 15 8
 0 1 15 9
 0 1 15 10
 0 1 15 11
 0 1 15 12
 0 1 15 13
 0 1 15 14
 0 1 15 15
 0 1 15 16
 0 1 15 17
 0 1 15 18
 0 1 15 19
 0 1 15 20
 0 1 15 21
 0 1 15 22
 0 1 15 23
 0 1 15 24
 0 1 15 25
 0 1 15 26
 0 1 15 27
 0 1 15 28
 0 1 15 29
 0 1 15 30
 0 1 15 31
 0 1 15 32
 0 1 16 -8
 0 1 16 -7
 0 1 16 -6
 0 1 16 -5
 0 1 16 -4
 0 1 16 -3
 0 1 16 -2
 0 1 16 -1
 0 1 16 0
 0 1 16 1
 0 1 16 2
 0 1 16 3
 0 1 16 4
 0 1 16 5
 0 1 16 6
 0 1 16 7
 0 1 16 8
 0 1 16 9
 0 1 16 10
 0 1 16 11
 0 1 16 12
 0 1 16 13
 0 1 16 14
 0 1 16 15
 0 1 16 16
 0 1 16 17
 0 1 16 18
 0 1 16 19
 0 1 16 20
 0 1 16 21
 0 1 16 22
 0 1 16 23
 0 1 16 24
 0 1 16 25
 0 1 16 26
 0 1 16 27
 0 1 16 28
 0 1 16 29
 0 1 16 30
 0 1 16 31
 0 1 16 32
 0 1 17 -9
 0 1 17 -8
 0 1 17 -7
 0 1 17 -6
 0 1 17 -5
 0 1 17 -4
 0 1 17 -3
 0 1 17 -2
 0 1 17 -1
 0 1 17 0
 0 1 17 1
 0 1 17 2
 0 1 17 3
 0 1 17 4
 0 1 17 5
 0 1 17 6
 0 1 17 7
 0 1 17 8
 0 1 17 9
 0 1 17 10
 0 1 17 11
 0 1 17 12
 0 1 17 13
 0 1 17 14
 0 1 17 15
 0 1 17 16
 0 1 17 17
 0 1 17 18
 0 1 17 19
 0 1 17 20
 0 1 17 21
 0 1 17 22
 0 1 17 23
 0 1 17 24
 0 1 17 25
 0 1 17 26
 0 1 17 27
 0 1 17 28
 0 1 17 29
 0 1 17 30
 0 1 17 31
 0 1 18 -9
 0 1 18 -8
 0 1 18 -7
 0 1 18 -6
 0 1 18 -5
 0 1 18 -4
 0 1 18 -3
 0 1 18 -2
 0 1 18 -1
 0 1 18 0
 0 1 18 1
 0 1 18 2
 0 1 18 3
 0 1 18 4
 0 1 18 5
 0 1 18 6
 0 1 18 7
 0 1 18 8
 0 1 18 9
 0 1 18 10
 0 1 18 11
 0 1 18 12
 0 1 18 13
 0 1 18 14
 0 1 18 15
 0 1 18 16
 0 1 18 17
 0 1 18 18
 0 1 18 19
 0 1 18 20
 0 1 18 21
 0 1 18 22
 0 1 18 23
 0 1 18 24
 0 1 18 25
 0 1 18 26
 0 1 18 27
 0 1 18 28
 0 1 18 29
 0 1 18 30
 0 1 18 31
 0 1 19 -10
 0 1 19 -9
 0 1 19 -8
 0 1 19 -7
 0 1 19 -6
 0 1 19 -5
 0 1 19 -4
 0 1 19 -3
 0 1 19 -2
 0 1 19 -1
 0 1 19 0
 0 1 19 1
 0 1 19 2
 0 1 19 3
 0 1 19 4
 0 1 19 5
 0 1 19 6
 0 1 19 7
 0 1 19 8
 0 1 19 9
 0 1 19 10
 0 1 19 11
 0 1 19 12
 0 1 19 13
 0 1 19 14
 0 1 19 15
 0 1 19 16
 0 1 19 17
 0 1 19 18
 0 1 19 19
 0 1 19 20
 0 1 19 21
 0 1 19 22
 0 1 19 23
 0 1 19 24
 0 1 19 25
 0 1 19 26
 0 1 19 27
 0 1 19 28
 0 1 19 29
 0 1 19 30
 0 1 20 -10
 0 1 20 -9
 0 1 20 -8
 0 1 20 -7
 0 1 20 -6
 0 1 20 -5
 0 1 20 -4
 0 1 20 -3
 0 1 20 -2
 0 1 20 -1
 0 1 20 0
 0 1 20 1
 0 1 20 2
 0 1 20 3
 0 1 20 4
 0 1 20 5
 0 1 20 6
 0 1 20 7
 0 1 20 8
 0 1 20 9
 0 1 20 10
 0 1 20 11
 0 1 20 12
 0 1 20 13
 0 1 20 14
 0 1 20 15
 0 1 20 16
 0 1 20 17
 0 1 20 18
 0 1 20 19
 0 1 20 20
 0 1 20 21
 0 1 20 22
 0 1 20 23
 0 1 20 24
 0 1 20 25
 0 1 20 26
 0 1 20 27
 0 1 20 28
 0 1 20 29
 0 1 20 30
 0 1 21 -11
 0 1 21 -10
 0 1 21 -9
 0 1 21 -8
 0 1 21 -7
 0 1 21 -6
 0 1 21 -5
 0 1 21 -4
 0 1 21 -3
 0 1 21 -2
 0 1 21 -1
 0 1 21 0
 0 1 21 1
 0 1 21 2
 0 1 21 3
 0 1 21 4
 0 1 21 5
 0 1 21 6
 0 1 21 7
 0 1 21 8
 0 1 21 9
 0 1 21 10
 0 1 21 11
 0 1 21 12
 0 1 21 13
 0 1 21 14
 0 1 21 15
 0 1 21 16
 0 1 21 17
 0 1 21 18
 0 1 21 19
 0 1 21 20
 0 1 21 21
 0 1 21 22
 0 1 21 23
 0 1 21 24
 0 1 21 25
 0 1 21 26
 0 1 21 27
 0 1 21 28
 0 1 21 29
 0 1 22 -11
 0 1 22 -10
 0 1 22 -9
 0 1 22 -8
 0 1 22 -7
 0 1 22 -6
 0 1 22 -5
 0 1 22 -4
 0 1 22 -3
 0 1 22 -2
 0 1 22 -1
 0 1 22 0
 0 1 22 1
 0 1 22 2
 0 1 22 3
 0 1 22 4
 0 1 22 5
 0 1 22 6
 0 1 22 7
 0 1 22 8
 0 1 22 9
 0 1 22 10
 0 1 22 11
 0 1 22 12
 0 1 22 13
 0 1 22 14
 0 1 22 15
 0 1 22 16
 0 1 22 17
 0 1 22 18
 0 1 22 19
 0 1 22 20
 0 1 22 21
 0 1 22 22
 0 1 22 23
 0 1 22 24
 0 1 22 25
 0 1 22 26
 0 1 22 27
 0 1 22 28
 0 1 22 29
 0 1 23 -12
 0 1 23 -11
 0 1 23 -10
 0 1 23 -9
 0 1 23 -8
 0 1 23 -7
 0 1 23 -6
 0 1 23 -5
 0 1 23 -4
 0 1 23 -3
 0 1 23 -2
 0 1 23 -1
 0 1 23 0
 0 1 23 1
 0 1 23 2
 0 1 23 3
 0 1 23 4
 0 1 23 5
 0 1 23 6
 0 1 23 7
 0 1 23 8
 0 1 23 9
 0 1 23 10
 0 1 23 11
 0 1 23 12
 0 1 23 13
 0 1 23 14
 0 1 23 15
 0 1 23 16
 0 1 23 17
 0 1 23 18
 0 1 23 19
 0 1 23 20
 0 1 23 21
 0 1 23 22
 0 1 23 23
 0 1 23 24
 0 1 23 25
 0 1 23 26
 0 1 23 27
 0 1 23 28
 0 1 24 -12
 0 1 24 -11
 0 1 24 -10
 0 1 24 -9
 0 1 24 -8
 0 1 24 -7
 0 1 24 -6
 0 1 24 -5
 0 1 24 -4
 0 1 24 -3
 0 1 24 -2
 0 1 24 -1
 0 1 24 0
 0 1 24 1
 0 1 24 2
 0 1 24 3
 0 1 24 4
 0 1 24 5
 0 1 24 6
 0 1 24 7
 0 1 24 8
 0 1 24 9
 0 1 24 10
 0 1 24 11
 0 1 24 12
 0 1 24 13
 0 1 24 14
 0 1 24 15
 0 1 24 16
 0 1 24 17
 0 1 24 18
 0 1 24 19
 0 1 24 20
 0 1 24 21
 0 1 24 22
 0 1 24 23
 0 1 24 24
 0 1 24 25
 0 1 24 26
 0 1 24 27
 0 1 24 28
 0 1 25 -13
 0 1 25 -12
 0 1 25 -11
 0 1 25 -10
 0 1 25 -9
 0 1 25 -8
 0 1 25 -7
 0 1 25 -6
 0 1 25 -5
 0 1 25 -4
 0 1 25 -3
 0 1 25 -2
 0 1 25 -1
 0 1 25 0
 0 1 25 1
 0 1 25 2
 0 1 25 3
 0 1 25 4
 0 1 25 5
 0 1 25 6
 0 1 25 7
 0 1 25 8
 0 1 25 9
 0 1 25 10
 0 1 25 11
 0 1 25 12
 0 1 25 13
 0 1 25 14
 0 1 25 15
 0 1 25 16
 0 1 25 17
 0 1 25 18
 0 1 25 19
 0 1 25 20
 0 1 25 21
 0 1 25 22
 0 1 25 23
 0 1 25 24
 0 1 25 25
 0 1 25 26
 0 1 25 27
 0 1 26 -13
 0 1 26 -12
 0 1 26 -11
 0 1 26 -10
 0 1 26 -9
 0 1 26 -8
 0 1 26 -7
 0 1 26 -6
 0 1 26 -5
 0 1 26 -4
 0 1 26 -3
 0 1 26 -2
 0 1 26 -1
 0 1 26 0
 0 1 26 1
 0 1 26 2
 0 1 26 3
 0 1 26 4
 0 1 26 5
 0 1 26 6
 0 1 26 7
 0 1 26 8
 0 1 26 9
 0 1 26 10
 0 1 26 11
 0 1 26 12
 0 1 26 13
 0 1 26 14
 0 1 26 15
 0 1 26 16
 0 1 26 17
 0 1 26 18
 0 1 26 19
 0 1 26 20
 0 1 26 21
 0 1 26 22
 0 1 26 23
 0 1 26 24
 0 1 26 25
 0 1 26 26
 0 1 26 27
 0 1 27 -14
 0 1 27 -13
 0 1 27 -12
 0 1 27 -11
 0 1 27 -10
 0 1 27 -9
 0 1 27 -8
 0 1 27 -7
 0 1 27 -6
 0 1 27 -5
 0 1 27 -4
 0 1 27 -3
 0 1 27 -2
 0 1 27 -1
 0 1 27 0
 0 1 27 1
 0 1 27 2
 0 1 27 3
 0 1 27 4
 0 1 27 5
 0 1 27 6
 0 1 27 7
 0 1 27 8
 0 1 27 9
 0 1 27 10
 0 1 27 11
 0 1 27 12
 0 1 27 13
 0 1 27 14
 0 1 27 15
 0 1 27 16
 0 1 27 17
 0 1 27 18
 0 1 27 19
 0 1 27 20
 0 1 27 21
 0 1 27 22
 0 1 27 23
 0 1 27 24
 0 1 27 25
 0 1 27 26
 0 1 28 -14
 0 1 28 -13
 0 1 28 -12
 0 1 28 -11
 0 1 28 -10
 0 1 28 -9
 0 1 28 -8
 0 1 28 -7
 0 1 28 -6
 0 1 28 -5
 0 1 28 -4
 0 1 28 -3
 0 1 28 -2
 0 1 28 -1
 0 1 28 0
 0 1 28 1
 0 1 28 2
 0 1 28 3
 0 1 28 4
 0 1 28 5
 0 1 28 6
 0 1 28 7
 0 1 28 8
 0 1 28 9
 0 1 28 10
 0 1 28 11
 0 1 28 12
 0 1 28 13
 0 1 28 14
 0 1 28 15
 0 1 28 16
 0 1 28 17
 0 1 28 18
 0 1 28 19
 0 1 28 20
 0 1 28 21
 0 1 28 22
 0 1 28 23
 0 1 28 24
 0 1 29 -15
 0 1 29 -14
 0 1 29 -13
 0 1 29 -12
 0 1 29 -11
 0 1 29 -10
 0 1 29 -9
 0 1 29 -8
 0 1 29 -7
 0 1 29 -6
 0 1 29 -5
 0 1 29 -4
 0 1 29 -3
 0 1 29 -2
 0 1 29 -1
 0 1 29 0
 0 1 29 1
 0 1 29 2
 0 1 29 3
 0 1 29 4
 0 1 29 5
 0 1 29 6
 0 1 29 7
 0 1 29 8
 0 1 29 9
 0 1 29 10
 0 1 29 11
 0 1 29 12
 0 1 29 13
 0 1 29 14
 0 1 29 15
 0 1 29 16
 0 1 29 17
 0 1 29 18
 0 1 29 19
 0 1 29 20
 0 1 29 21
 0 1 29 22
 0 1 30 -15
 0 1 30 -14
 0 1 30 -13
 0 1 30 -12
 0 1 30 -11
 0 1 30 -10
 0 1 30 -9
 0 1 30 -8
 0 1 30 -7
 0 1 30 -6
 0 1 30 -5
 0 1 30 -4
 0 1 30 -3
 0 1 30 -2
 0 1 30 -1
 0 1 30 0
 0 1 30 1
 0 1 30 2
 0 1 30 3
 0 1 30 4
 0 1 30 5
 0 1 30 6
 0 1 30 7
 0 1 30 8
 0 1 30 9
 0 1 30 10
 0 1 30 11
 0 1 30 12
 0 1 30 13
 0 1 30 14
 0 1 30 15
 0 1 30 16
 0 1 30 17
 0 1 30 18
 0 1 30 19
 0 1 30 20
 0 1 31 -16
 0 1 31 -15
 0 1 31 -14
 0 1 31 -13
 0 1 31 -12
 0 1 31 -11
 0 1 31 -10
 0 1 31 -9
 0 1 31 -8
 0 1 31 -7
 0 1 31 -6
 0 1 31 -5
 0 1 31 -4
 0 1 31 -3
 0 1 31 -2
 0 1 31 -1
 0 1 31 0
 0 1 31 1
 0 1 31 2
 0 1 31 3
 0 1 31 4
 0 1 31 5
 0 1 31 6
 0 1 31 7
 0 1 31 8
 0 1 31 9
 0 1 31 10
 0 1 31 11
 0 1 31 12
 0 1 31 13
 0 1 31 14
 0 1 31 15
 0 1 31 16
 0 1 31 17
 0 1 31 18
 0 1 32 -16
 0 1 32 -15
 0 1 32 -14
 0 1 32 -13
 0 1 32 -12
 0 1 32 -11
 0 1 32 -10
 0 1 32 -9
 0 1 32 -8
 0 1 32 -7
 0 1 32 -6
 0 1 32 -5
 0 1 32 -4
 0 1 32 -3
 0 1 32 -2
 0 1 32 -1
 0 1 32 0
 0 1 32 1
 0 1 32 2
 0 1 32 3
 0 1 32 4
 0 1 32 5
 0 1 32 6
 0 1 32 7
 0 1 32 8
 0 1 32 9
 0 1 32 10
 0 1 32 11
 0 1 32 12
 0 1 32 13
 0 1 32 14
 0 1 32 15
 0 1 32 16
 0 1 33 -17
 0 1 33 -16
 0 1 33 -15
 0 1 33 -14
 0 1 33 -13
 0 1 33 -12
 0 1 33 -11
 0 1 33 -10
 0 1 33 -9
 0 1 33 -8
 0 1 33 -7
 0 1 33 -6
 0 1 33 -5
 0 1 33 -4
 0 1 33 -3
 0 1 33 -2
 0 1 33 -1
 0 1 33 0
 0 1 33 1
 0 1 33 2
 0 1 33 3
 0 1 33 4
 0 1 33 5
 0 1 33 6
 0 1 33 7
 0 1 33 8
 0 1 33 9
 0 1 33 10
 0 1 33 11
 0 1 33 12
 0 1 33 13
 0 1 33 14
 0 1 34 -17
 0 1 34 -16
 0 1 34 -15
 0 1 34 -14
 0 1 34 -13
 0 1 34 -12
 0 1 34 -11
 0 1 34 -10
 0 1 34 -9
 0 1 34 -8
 0 1 34 -7
 0 1 34 -6
 0 1 34 -5
 0 1 34 -4
 0 1 34 -3
 0 1 34 -2
 0 1 34 -1
 0 1 34 0
 0 1 34 1
 0 1 34 2
 0 1 34 3
 0 1 34 4
 0 1 34 5
 0 1 34 6
 0 1 34 7
 0 1 34 8
 0 1 34 9
 0 1 34 10
 0 1 34 11
 0 1 34 12
 0 1 35 -18
 0 1 35 -17
 0 1 35 -16
 0 1 35 -15
 0 1 35 -14
 0 1 35 -13
 0 1 35 -12
 0 1 35 -11
 0 1 35 -10
 0 1 35 -9
 0 1 35 -8
 0 1 35 -7
 0 1 35 -6
 0 1 35 -5
 0 1 35 -4
 0 1 35 -3
 0 1 35 -2
 0 1 35 -1
 0 1 35 0
 0 1 35 1
 0 1 35 2
 0 1 35 3
 0 1 35 4
 0 1 35 5
 0 1 35 6
 0 1 35 7
 0 1 35 8
 0 1 35 9
 0 1 35 10
 0 1 36 -18
 0 1 36 -17
 0 1 36 -16
 0 1 36 -15
 0 1 36 -14
 0 1 36 -13
 0 1 36 -12
 0 1 36 -11
 0 1 36 -10
 0 1 36 -9
 0 1 36 -8
 0 1 36 -7
 0 1 36 -6
 0 1 36 -5
 0 1 36 -4
 0 1 36 -3
 0 1 36 -2
 0 1 36 -1
 0 1 36 0
 0 1 36 1
 0 1 36 2
 0 1 36 3
 0 1 36 4
 0 1 36 5
 0 1 36 6
 0 1 36 7
 0 1 36 8
 0 1 37 -19
 0 1 37 -18
 0 1 37 -17
 0 1 37 -16
 0 1 37 -15
 0 1 37 -14
 0 1 37 -13
 0 1 37 -12
 0 1 37 -11
 0 1 37 -10
 0 1 37 -9
 0 1 37 -8
 0 1 37 -7
 0 1 37 -6
 0 1 37 -5
 0 1 37 -4
 0 1 37 -3
 0 1 37 -2
 0 1 37 -1
 0 1 37 0
 0 1 37 1
 0 1 37 2
 0 1 37 3
 0 1 37 4
 0 1 37 5
 0 1 37 6
 0 1 38 -19
 0 1 38 -18
 0 1 38 -17
 0 1 38 -16
 0 1 38 -15
 0 1 38 -14
 0 1 38 -13
 0 1 38 -12
 0 1 38 -11
 0 1 38 -10
 0 1 38 -9
 0 1 38 -8
 0 1 38 -7
 0 1 38 -6
 0 1 38 -5
 0 1 38 -4
 0 1 38 -3
 0 1 38 -2
 0 1 38 -1
 0 1 38 0
 0 1 38 1
 0 1 38 2
 0 1 38 3
 0 1 38 4
 0 1 39 -20
 0 1 39 -19
 0 1 39 -18
 0 1 39 -17
 0 1 39 -16
 0 1 39 -15
 0 1 39 -14
 0 1 39 -13
 0 1 39 -12
 0 1 39 -11
 0 1 39 -10
 0 1 39 -9
 0 1 39 -8
 0 1 39 -7
 0 1 39 -6
 0 1 39 -5
 0 1 39 -4
 0 1 39 -3
 0 1 39 -2
 0 1 39 -1
 0 1 39 0
 0 1 39 1
 0 1 39 2
 0 1 40 -20
 0 1 40 -19
 0 1 40 -18
 0 1 40 -17
 0 1 40 -16
 0 1 40 -15
 0 1 40 -14
 0 1 40 -13
 0 1 40 -12
 0 1 40 -11
 0 1 40 -10
 0 1 40 -9
 0 1 40 -8
 0 1 40 -7
 0 1 40 -6
 0 1 40 -5
 0 1 40 -4
 0 1 40 -3
 0 1 40 -2
 0 1 40 -1
 0 1 40 0
 0 1 41 -21
 0 1 41 -20
 0 1 41 -19
 0 1 41 -18
 0 1 41 -17
 0 1 41 -16
 0 1 41 -15
 0 1 41 -14
 0 1 41 -13
 0 1 41 -12
 0 1 41 -11
 0 1 41 -10
 0 1 41 -9
 0 1 41 -8
 0 1 41 -7
 0 1 41 -6
 0 1 41 -5
 0 1 41 -4
 0 1 41 -3
 0 1 41 -2
 0 1 42 -21
 0 1 42 -20
 0 1 42 -19
 0 1 42 -18
 0 1 42 -17
 0 1 42 -16
 0 1 42 -15
 0 1 42 -14
 0 1 42 -13
 0 1 42 -12
 0 1 42 -11
 0 1 42 -10
 0 1 42 -9
 0 1 42 -8
 0 1 42 -7
 0 1 42 -6
 0 1 42 -5
 0 1 42 -4
 0 1 43 -22
 0 1 43 -21
 0 1 43 -20
 0 1 43 -19
 0 1 43 -18
 0 1 43 -17
 0 1 43 -16
 0 1 43 -15
 0 1 43 -14
 0 1 43 -13
 0 1 43 -12
 0 1 43 -11
 0 1 43 -10
 0 1 43 -9
 0 1 43 -8
 0 1 43 -7
 0 1 43 -6
 0 1 44 -22
 0 1 44 -21
 0 1 44 -20
 0 1 44 -19
 0 1 44 -18
 0 1 44 -17
 0 1 44 -16
 0 1 44 -15
 0 1 44 -14
 0 1 44 -13
 0 1 44 -12
 0 1 44 -11
 0 1 44 -10
 0 1 44 -9
 0 1 44 -8
 0 1 45 -23
 0 1 45 -22
 0 1 45 -21
 0 1 45 -20
 0 1 45 -19
 0 1 45 -18
 0 1 45 -17
 0 1 45 -16
 0 1 45 -15
 0 1 45 -14
 0 1 45 -13
 0 1 45 -12
 0 1 45 -11
 0 1 45 -10
 0 1 46 -23
 0 1 46 -22
 0 1 46 -21
 0 1 46 -20
 0 1 46 -19
 0 1 46 -18
 0 1 46 -17
 0 1 46 -16
 0 1 46 -15
 0 1 46 -14
 0 1 46 -13
 0 1 46 -12
 0 1 47 -24
 0 1 47 -23
 0 1 47 -22
 0 1 47 -21
 0 1 47 -20
 0 1 47 -19
 0 1 47 -18
 0 1 47 -17
 0 1 47 -16
 0 1 47 -15
 0 1 47 -14
 0 1 48 -24
 0 1 48 -23
 0 1 48 -22
 0 1 48 -21
 0 1 48 -20
 0 1 48 -19
 0 1 48 -18
 0 1 48 -17
 0 1 48 -16
 0 1 49 -25
 0 1 49 -24
 0 1 49 -23
 0 1 49 -22
 0 1 49 -21
 0 1 49 -20
 0 1 49 -19
 0 1 49 -18
 0 1 50 -25
 0 1 50 -24
 0 1 50 -23
 0 1 50 -22
 0 1 50 -21
 0 1 50 -20
 0 1 51 -26
 0 1 51 -25
 0 1 51 -24
 0 1 51 -23
 0 1 51 -22
 0 1 52 -26
 0 1 52 -25
 0 1 52 -24
 0 1 53 -27
 0 1 53 -26
 1 0 -26 53
 1 0 -26 54
 1 0 -25 51
 1 0 -25 52
 1 0 -25 53
 1 0 -24 49
 1 0 -24 50
 1 0 -24 51
 1 0 -24 52
 1 0 -24 53
 1 0 -23 47
 1 0 -23 48
 1 0 -23 49
 1 0 -23 50
 1 0 -23 51
 1 0 -23 52
 1 0 -22 45
 1 0 -22 46
 1 0 -22 47
 1 0 -22 48
 1 0 -22 49
 1 0 -22 50
 1 0 -22 51
 1 0 -22 52
 1 0 -21 43
 1 0 -21 44
 1 0 -21 45
 1 0 -21 46
 1 0 -21 47
 1 0 -21 48
 1 0 -21 49
 1 0 -21 50
 1 0 -21 51
 1 0 -20 41
 1 0 -20 42
 1 0 -20 43
 1 0 -20 44
 1 0 -20 45
 1 0 -20 46
 1 0 -20 47
 1 0 -20 48
 1 0 -20 49
 1 0 -20 50
 1 0 -20 51
 1 0 -19 39
 1 0 -19 40
 1 0 -19 41
 1 0 -19 42
 1 0 -19 43
 1 0 -19 44
 1 0 -19 45
 1 0 -19 46
 1 0 -19 47
 1 0 -19 48
 1 0 -19 49
 1 0 -19 50
 1 0 -18 37
 1 0 -18 38
 1 0 -18 39
 1 0 -18 40
 1 0 -18 41
 1 0 -18 42
 1 0 -18 43
 1 0 -18 44
 1 0 -18 45
 1 0 -18 46
 1 0 -18 47
 1 0 -18 48
 1 0 -18 49
 1 0 -18 50
 1 0 -17 35
 1 0 -17 36
 1 0 -17 37
 1 0 -17 38
 1 0 -17 39
 1 0 -17 40
 1 0 -17 41
 1 0 -17 42
 1 0 -17 43
 1 0 -17 44
 1 0 -17 45
 1 0 -17 46
 1 0 -17 47
 1 0 -17 48
 1 0 -17 49
 1 0 -16 33
 1 0 -16 34
 1 0 -16 35
 1 0 -16 36
 1 0 -16 37
 1 0 -16 38
 1 0 -16 39
 1 0 -16 40
 1 0 -16 41
 1 0 -16 42
 1 0 -16 43
 1 0 -16 44
 1 0 -16 45
 1 0 -16 46
 1 0 -16 47
 1 0 -16 48
 1 0 -16 49
 1 0 -15 31
 1 0 -15 32
 1 0 -15 33
 1 0 -15 34
 1 0 -15 35
 1 0 -15 36
 1 0 -15 37
 1 0 -15 38
 1 0 -15 39
 1 0 -15 40
 1 0 -15 41
 1 0 -15 42
 1 0 -15 43
 1 0 -15 44
 1 0 -15 45
 1 0 -15 46
 1 0 -15 47
 1 0 -15 48
 1 0 -14 29
 1 0 -14 30
 1 0 -14 31
 1 0 -14 32
 1 0 -14 33
 1 0 -14 34
 1 0 -14 35
 1 0 -14 36
 1 0 -14 37
 1 0 -14 38
 1 0 -14 39
 1 0 -14 40
 1 0 -14 41
 1 0 -14 42
 1 0 -14 43
 1 0 -14 44
 1 0 -14 45
 1 0 -14 46
 1 0 -14 47
 1 0 -14 48
 1 0 -13 27
 1 0 -13 28
 1 0 -13 29
 1 0 -13 30
 1 0 -13 31
 1 0 -13 32
 1 0 -13 33
 1 0 -13 34
 1 0 -13 35
 1 0 -13 36
 1 0 -13 37
 1 0 -13 38
 1 0 -13 39
 1 0 -13 40
 1 0 -13 41
 1 0 -13 42
 1 0 -13 43
 1 0 -13 44
 1 0 -13 45
 1 0 -13 46
 1 0 -13 47
 1 0 -12 25
 1 0 -12 26
 1 0 -12 27
 1 0 -12 28
 1 0 -12 29
 1 0 -12 30
 1 0 -12 31
 1 0 -12 32
 1 0 -12 33
 1 0 -12 34
 1 0 -12 35
 1 0 -12 36
 1 0 -12 37
 1 0 -12 38
 1 0 -12 39
 1 0 -12 40
 1 0 -12 41
 1 0 -12 42
 1 0 -12 43
 1 0 -12 44
 1 0 -12 45
 1 0 -12 46
 1 0 -12 47
 1 0 -11 23
 1 0 -11 24
 1 0 -11 25
 1 0 -11 26
 1 0 -11 27
 1 0 -11 28
 1 0 -11 29
 1 0 -11 30
 1 0 -11 31
 1 0 -11 32
 1 0 -11 33
 1 0 -11 34
 1 0 -11 35
 1 0 -11 36
 1 0 -11 37
 1 0 -11 38
 1 0 -11 39
 1 0 -11 40
 1 0 -11 41
 1 0 -11 42
 1 0 -11 43
 1 0 -11 44
 1 0 -11 45
 1 0 -11 46
 1 0 -10 21
 1 0 -10 22
 1 0 -10 23
 1 0 -10 24
 1 0 -10 25
 1 0 -10 26
 1 0 -10 27
 1 0 -10 28
 1 0 -10 29
 1 0 -10 30
 1 0 -10 31
 1 0 -10 32
 1 0 -10 33
 1 0 -10 34
 1 0 -10 35
 1 0 -10 36
 1 0 -10 37
 1 0 -10 38
 1 0 -10 39
 1 0 -10 40
 1 0 -10 41
 1 0 -10 42
 1 0 -10 43
 1 0 -10 44
 1 0 -10 45
 1 0 -10 46
 1 0 -9 19
 1 0 -9 20
 1 0 -9 21
 1 0 -9 22
 1 0 -9 23
 1 0 -9 24
 1 0 -9 25
 1 0 -9 26
 1 0 -9 27
 1 0 -9 28
 1 0 -9 29
 1 0 -9 30
 1 0 -9 31
 1 0 -9 32
 1 0 -9 33
 1 0 -9 34
 1 0 -9 35
 1 0 -9 36
 1 0 -9 37
 1 0 -9 38
 1 0 -9 39
 1 0 -9 40
 1 0 -9 41
 1 0 -9 42
 1 0 -9 43
 1 0 -9 44
 1 0 -9 45
 1 0 -8 17
 1 0 -8 18
 1 0 -8 19
 1 0 -8 20
 1 0 -8 21
 1 0 -8 22
 1 0 -8 23
 1 0 -8 24
 1 0 -8 25
 1 0 -8 26
 1 0 -8 27
 1 0 -8 28
 1 0 -8 29
 1 0 -8 30
 1 0 -8 31
 1 0 -8 32
 1 0 -8 33
 1 0 -8 34
 1 0 -8 35
 1 0 -8 36
 1 0 -8 37
 1 0 -8 38
 1 0 -8 39
 1 0 -8 40
 1 0 -8 41
 1 0 -8 42
 1 0 -8 43
 1 0 -8 44
 1 0 -8 45
 1 0 -7 15
 1 0 -7 16
 1 0 -7 17
 1 0 -7 18
 1 0 -7 19
 1 0 -7 20
 1 0 -7 21
 1 0 -7 22
 1 0 -7 23
 1 0 -7 24
 1 0 -7 25
 1 0 -7 26
 1 0 -7 27
 1 0 -7 28
 1 0 -7 29
 1 0 -7 30
 1 0 -7 31
 1 0 -7 32
 1 0 -7 33
 1 0 -7 34
 1 0 -7 35
 1 0 -7 36
 1 0 -7 37
 1 0 -7 38
 1 0 -7 39
 1 0 -7 40
 1 0 -7 41
 1 0 -7 42
 1 0 -7 43
 1 0 -7 44
 1 0 -6 13
 1 0 -6 14
 1 0 -6 15
 1 0 -6 16
 1 0 -6 17
 1 0 -6 18
 1 0 -6 19
 1 0 -6 20
 1 0 -6 21
 1 0 -6 22
 1 0 -6 23
 1 0 -6 24
 1 0 -6 25
 1 0 -6 26
 1 0 -6 27
 1 0 -6 28
 1 0 -6 29
 1 0 -6 30
 1 0 -6 31
 1 0 -6 32
 1 0 -6 33
 1 0 -6 34
 1 0 -6 35
 1 0 -6 36
 1 0 -6 37
 1 0 -6 38
 1 0 -6 39
 1 0 -6 40
 1 0 -6 41
 1 0 -6 42
 1 0 -6 43
 1 0 -6 44
 1 0 -5 11
 1 0 -5 12
 1 0 -5 13
 1 0 -5 14
 1 0 -5 15
 1 0 -5 16
 1 0 -5 17
 1 0 -5 18
 1 0 -5 19
 1 0 -5 20
 1 0 -5 21
 1 0 -5 22
 1 0 -5 23
 1 0 -5 24
 1 0 -5 25
 1 0 -5 26
 1 0 -5 27
 1 0 -5 28
 1 0 -5 29
 1 0 -5 30
 1 0 -5 31
 1 0 -5 32
 1 0 -5 33
 1 0 -5 34
 1 0 -5 35
 1 0 -5 36
 1 0 -5 37
 1 0 -5 38
 1 0 -5 39
 1 0 -5 40
 1 0 -5 41
 1 0 -5 42
 1 0 -5 43
 1 0 -4 9
 1 0 -4 10
 1 0 -4 11
 1 0 -4 12
 1 0 -4 13
 1 0 -4 14
 1 0 -4 15
 1 0 -4 16
 1 0 -4 17
 1 0 -4 18
 1 0 -4 19
 1 0 -4 20
 1 0 -4 21
 1 0 -4 22
 1 0 -4 23
 1 0 -4 24
 1 0 -4 25
 1 0 -4 26
 1 0 -4 27
 1 0 -4 28
 1 0 -4 29
 1 0 -4 30
 1 0 -4 31
 1 0 -4 32
 1 0 -4 33
 1 0 -4 34
 1 0 -4 35
 1 0 -4 36
 1 0 -4 37
 1 0 -4 38
 1 0 -4 39
 1 0 -4 40
 1 0 -4 41
 1 0 -4 42
 1 0 -4 43
 1 0 -3 7
 1 0 -3 8
 1 0 -3 9
 1 0 -3 10
 1 0 -3 11
 1 0 -3 12
 1 0 -3 13
 1 0 -3 14
 1 0 -3 15
 1 0 -3 16
 1 0 -3 17
 1 0 -3 18
 1 0 -3 19
 1 0 -3 20
 1 0 -3 21
 1 0 -3 22
 1 0 -3 23
 1 0 -3 24
 1 0 -3 25
 1 0 -3 26
 1 0 -3 27
 1 0 -3 28
 1 0 -3 29
 1 0 -3 30
 1 0 -3 31
 1 0 -3 32
 1 0 -3 33
 1 0 -3 34
 1 0 -3 35
 1 0 -3 36
 1 0 -3 37
 1 0 -3 38
 1 0 -3 39
 1 0 -3 40
 1 0 -3 41
 1 0 -3 42
 1 0 -2 5
 1 0 -2 6
 1 0 -2 7
 1 0 -2 8
 1 0 -2 9
 1 0 -2 10
 1 0 -2 11
 1 0 -2 12
 1 0 -2 13
 1 0 -2 14
 1 0 -2 15
 1 0 -2 16
 1 0 -2 17
 1 0 -2 18
 1 0 -2 19
 1 0 -2 20
 1 0 -2 21
 1 0 -2 22
 1 0 -2 23
 1 0 -2 24
 1 0 -2 25
 1 0 -2 26
 1 0 -2 27
 1 0 -2 28
 1 0 -2 29
 1 0 -2 30
 1 0 -2 31
 1 0 -2 32
 1 0 -2 33
 1 0 -2 34
 1 0 -2 35
 1 0 -2 36
 1 0 -2 37
 1 0 -2 38
 1 0 -2 39
 1 0 -2 40
 1 0 -2 41
 1 0 -2 42
 1 0 -1 3
 1 0 -1 4
 1 0 -1 5
 1 0 -1 6
 1 0 -1 7
 1 0 -1 8
 1 0 -1 9
 1 0 -1 10
 1 0 -1 11
 1 0 -1 12
 1 0 -1 13
 1 0 -1 14
 1 0 -1 15
 1 0 -1 16
 1 0 -1 17
 1 0 -1 18
 1 0 -1 19
 1 0 -1 20
 1 0 -1 21
 1 0 -1 22
 1 0 -1 23
 1 0 -1 24
 1 0 -1 25
 1 0 -1 26
 1 0 -1 27
 1 0 -1 28
 1 0 -1 29
 1 0 -1 30
 1 0 -1 31
 1 0 -1 32
 1 0 -1 33
 1 0 -1 34
 1 0 -1 35
 1 0 -1 36
 1 0 -1 37
 1 0 -1 38
 1 0 -1 39
 1 0 -1 40
 1 0 -1 41
 1 0 0 0
 1 0 0 1
 1 0 0 2
 1 0 0 3
 1 0 0 4
 1 0 0 5
 1 0 0 6
 1 0 0 7
 1 0 0 8
 1 0 0 9
 1 0 0 10
 1 0 0 11
 1 0 0 12
 1 0 0 13
 1 0 0 14
 1 0 0 15
 1 0 0 16
 1 0 0 17
 1 0 0 18
 1 0 0 19
 1 0 0 20
 1 0 0 21
 1 0 0 22
 1 0 0 23
 1 0 0 24
 1 0 0 25
 1 0 0 26
 1 0 0 27
 1 0 0 28
 1 0 0 29
 1 0 0 30
 1 0 0 31
 1 0 0 32
 1 0 0 33
 1 0 0 34
 1 0 0 35
 1 0 0 36
 1 0 0 37
 1 0 0 38
 1 0 0 39
 1 0 0 40
 1 0 0 41
 1 0 1 0
 1 0 1 1
 1 0 1 2
 1 0 1 3
 1 0 1 4
 1 0 1 5
 1 0 1 6
 1 0 1 7
 1 0 1 8
 1 0 1 9
 1 0 1 10
 1 0 1 11
 1 0 1 12
 1 0 1 13
 1 0 1 14
 1 0 1 15
 1 0 1 16
 1 0 1 17
 1 0 1 18
 1 0 1 19
 1 0 1 20
 1 0 1 21
 1 0 1 22
 1 0 1 23
 1 0 1 24
 1 0 1 25
 1 0 1 26
 1 0 1 27
 1 0 1 28
 1 0 1 29
 1 0 1 30
 1 0 1 31
 1 0 1 32
 1 0 1 33
 1 0 1 34
 1 0 1 35
 1 0 1 36
 1 0 1 37
 1 0 1 38
 1 0 1 39
 1 0 1 40
 1 0 2 -1
 1 0 2 0
 1 0 2 1
 1 0 2 2
 1 0 2 3
 1 0 2 4
 1 0 2 5
 1 0 2 6
 1 0 2 7
 1 0 2 8
 1 0 2 9
 1 0 2 10
 1 0 2 11
 1 0 2 12
 1 0 2 13
 1 0 2 14
 1 0 2 15
 1 0 2 16
 1 0 2 17
 1 0 2 18
 1 0 2 19
 1 0 2 20
 1 0 2 21
 1 0 2 22
 1 0 2 23
 1 0 2 24
 1 0 2 25
 1 0 2 26
 1 0 2 27
 1 0 2 28
 1 0 2 29
 1 0 2 30
 1 0 2 31
 1 0 2 32
 1 0 2 33
 1 0 2 34
 1 0 2 35
 1 0 2 36
 1 0 2 37
 1 0 2 38
 1 0 2 39
 1 0 2 40
 1 0 3 -1
 1 0 3 0
 1 0 3 1
 1 0 3 2
 1 0 3 3
 1 0 3 4
 1 0 3 5
 1 0 3 6
 1 0 3 7
 1 0 3 8
 1 0 3 9
 1 0 3 10
 1 0 3 11
 1 0 3 12
 1 0 3 13
 1 0 3 14
 1 0 3 15
 1 0 3 16
 1 0 3 17
 1 0 3 18
 1 0 3 19
 1 0 3 20
 1 0 3 21
 1 0 3 22
 1 0 3 23
 1 0 3 24
 1 0 3 25
 1 0 3 26
 1 0 3 27
 1 0 3 28
 1 0 3 29
 1 0 3 30
 1 0 3 31
 1 0 3 32
 1 0 3 33
 1 0 3 34
 1 0 3 35
 1 0 3 36
 1 0 3 37
 1 0 3 38
 1 0 3 39
 1 0 4 -2
 1 0 4 -1
 1 0 4 0
 1 0 4 1
 1 0 4 2
 1 0 4 3
 1 0 4 4
 1 0 4 5
 1 0 4 6
 1 0 4 7
 1 0 4 8
 1 0 4 9
 1 0 4 10
 1 0 4 11
 1 0 4 12
 1 0 4 13
 1 0 4 14
 1 0 4 15
 1 0 4 16
 1 0 4 17
 1 0 4 18
 1 0 4 19
 1 0 4 20
 1 0 4 21
 1 0 4 22
 1 0 4 23
 1 0 4 24
 1 0 4 25
 1 0 4 26
 1 0 4 27
 1 0 4 28
 1 0 4 29
 1 0 4 30
 1 0 4 31
 1 0 4 32
 1 0 4 33
 1 0 4 34
 1 0 4 35
 1 0 4 36
 1 0 4 37
 1 0 4 38
 1 0 4 39
 1 0 5 -2
 1 0 5 -1
 1 0 5 0
 1 0 5 1
 1 0 5 2
 1 0 5 3
 1 0 5 4
 1 0 5 5
 1 0 5 6
 1 0 5 7
 1 0 5 8
 1 0 5 9
 1 0 5 10
 1 0 5 11
 1 0 5 12
 1 0 5 13
 1 0 5 14
 1 0 5 15
 1 0 5 16
 1 0 5 17
 1 0 5 18
 1 0 5 19
 1 0 5 20
 1 0 5 21
 1 0 5 22
 1 0 5 23
 1 0 5 24
 1 0 5 25
 1 0 5 26
 1 0 5 27
 1 0 5 28
 1 0 5 29
 1 0 5 30
 1 0 5 31
 1 0 5 32
 1 0 5 33
 1 0 5 34
 1 0 5 35
 1 0 5 36
 1 0 5 37
 1 0 5 38
 1 0 6 -3
 1 0 6 -2
 1 0 6 -1
 1 0 6 0
 1 0 6 1
 1 0 6 2
 1 0 6 3
 1 0 6 4
 1 0 6 5
 1 0 6 6
 1 0 6 7
 1 0 6 8
 1 0 6 9
 1 0 6 10
 1 0 6 11
 1 0 6 12
 1 0 6 13
 1 0 6 14
 1 0 6 15
 1 0 6 16
 1 0 6 17
 1 0 6 18
 1 0 6 19
 1 0 6 20
 1 0 6 21
 1 0 6 22
 1 0 6 23
 1 0 6 24
 1 0 6 25
 1 0 6 26
 1 0 6 27
 1 0 6 28
 1 0 6 29
 1 0 6 30
 1 0 6 31
 1 0 6 32
 1 0 6 33
 1 0 6 34
 1 0 6 35
 1 0 6 36
 1 0 6 37
 1 0 6 38
 1 0 7 -3
 1 0 7 -2
 1 0 7 -1
 1 0 7 0
 1 0 7 1
 1 0 7 2
 1 0 7 3
 1 0 7 4
 1 0 7 5
 1 0 7 6
 1 0 7 7
 1 0 7 8
 1 0 7 9
 1 0 7 10
 1 0 7 11
 1 0 7 12
 1 0 7 13
 1 0 7 14
 1 0 7 15
 1 0 7 16
 1 0 7 17
 1 0 7 18
 1 0 7 19
 1 0 7 20
 1 0 7 21
 1 0 7 22
 1 0 7 23
 1 0 7 24
 1 0 7 25
 1 0 7 26
 1 0 7 27
 1 0 7 28
 1 0 7 29
 1 0 7 30
 1 0 7 31
 1 0 7 32
 1 0 7 33
 1 0 7 34
 1 0 7 35
 1 0 7 36
 1 0 7 37
 1 0 8 -4
 1 0 8 -3
 1 0 8 -2
 1 0 8 -1
 1 0 8 0
 1 0 8 1
 1 0 8 2
 1 0 8 3
 1 0 8 4
 1 0 8 5
 1 0 8 6
 1 0 8 7
 1 0 8 8
 1 0 8 9
 1 0 8 10
 1 0 8 11
 1 0 8 12
 1 0 8 13
 1 0 8 14
 1 0 8 15
 1 0 8 16
 1 0 8 17
 1 0 8 18
 1 0 8 19
 1 0 8 20
 1 0 8 21
 1 0 8 22
 1 0 8 23
 1 0 8 24
 1 0 8 25
 1 0 8 26
 1 0 8 27
 1 0 8 28
 1 0 8 29
 1 0 8 30
 1 0 8 31
 1 0 8 32
 1 0 8 33
 1 0 8 34
 1 0 8 35
 1 0 8 36
 1 0 8 37
 1 0 9 -4
 1 0 9 -3
 1 0 9 -2
 1 0 9 -1
 1 0 9 0
 1 0 9 1
 1 0 9 2
 1 0 9 3
 1 0 9 4
 1 0 9 5
 1 0 9 6
 1 0 9 7
 1 0 9 8
 1 0 9 9
 1 0 9 10
 1 0 9 11
 1 0 9 12
 1 0 9 13
 1 0 9 14
 1 0 9 15
 1 0 9 16
 1 0 9 17
 1 0 9 18
 1 0 9 19
 1 0 9 20
 1 0 9 21
 1 0 9 22
 1 0 9 23
 1 0 9 24
 1 0 9 25
 1 0 9 26
 1 0 9 27
 1 0 9 28
 1 0 9 29
 1 0 9 30
 1 0 9 31
 1 0 9 32
 1 0 9 33
 1 0 9 34
 1 0 9 35
 1 0 9 36
 1 0 10 -5
 1 0 10 -4
 1 0 10 -3
 1 0 10 -2
 1 0 10 -1
 1 0 10 0
 1 0 10 1
 1 0 10 2
 1 0 10 3
 1 0 10 4
 1 0 10 5
 1 0 10 6
 1 0 10 7
 1 0 10 8
 1 0 10 9
 1 0 10 10
 1 0 10 11
 1 0 10 12
 1 0 10 13
 1 0 10 14
 1 0 10 15
 1 0 10 16
 1 0 10 17
 1 0 10 18
 1 0 10 19
 1 0 10 20
 1 0 10 21
 1 0 10 22
 1 0 10 23
 1 0 10 24
 1 0 10 25
 1 0 10 26
 1 0 10 27
 1 0 10 28
 1 0 10 29
 1 0 10 30
 1 0 10 31
 1 0 10 32
 1 0 10 33
 1 0 10 34
 1 0 10 35
 1 0 10 36
 1 0 11 -5
 1 0 11 -4
 1 0 11 -3
 1 0 11 -2
 1 0 11 -1
 1 0 11 0
 1 0 11 1
 1 0 11 2
 1 0 11 3
 1 0 11 4
 1 0 11 5
 1 0 11 6
 1 0 11 7
 1 0 11 8
 1 0 11 9
 1 0 11 10
 1 0 11 11
 1 0 11 12
 1 0 11 13
 1 0 11 14
 1 0 11 15
 1 0 11 16
 1 0 11 17
 1 0 11 18
 1 0 11 19
 1 0 11 20
 1 0 11 21
 1 0 11 22
 1 0 11 23
 1 0 11 24
 1 0 11 25
 1 0 11 26
 1 0 11 27
 1 0 11 28
 1 0 11 29
 1 0 11 30
 1 0 11 31
 1 0 11 32
 1 0 11 33
 1 0 11 34
 1 0 11 35
 1 0 12 -6
 1 0 12 -5
 1 0 12 -4
 1 0 12 -3
 1 0 12 -2
 1 0 12 -1
 1 0 12 0
 1 0 12 1
 1 0 12 2
 1 0 12 3
 1 0 12 4
 1 0 12 5
 1 0 12 6
 1 0 12 7
 1 0 12 8
 1 0 12 9
 1 0 12 10
 1 0 12 11
 1 0 12 12
 1 0 12 13
 1 0 12 14
 1 0 12 15
 1 0 12 16
 1 0 12 17
 1 0 12 18
 1 0 12 19
 1 0 12 20
 1 0 12 21
 1 0 12 22
 1 0 12 23
 1 0 12 24
 1 0 12 25
 1 0 12 26
 1 0 12 27
 1 0 12 28
 1 0 12 29
 1 0 12 30
 1 0 12 31
 1 0 12 32
 1 0 12 33
 1 0 12 34
 1 0 12 35
 1 0 13 -6
 1 0 13 -5
 1 0 13 -4
 1 0 13 -3
 1 0 13 -2
 1 0 13 -1
 1 0 13 0
 1 0 13 1
 1 0 13 2
 1 0 13 3
 1 0 13 4
 1 0 13 5
 1 0 13 6
 1 0 13 7
 1 0 13 8
 1 0 13 9
 1 0 13 10
 1 0 13 11
 1 0 13 12
 1 0 13 13
 1 0 13 14
 1 0 13 15
 1 0 13 16
 1 0 13 17
 1 0 13 18
 1 0 13 19
 1 0 13 20
 1 0 13 21
 1 0 13 22
 1 0 13 23
 1 0 13 24
 1 0 13 25
 1 0 13 26
 1 0 13 27
 1 0 13 28
 1 0 13 29
 1 0 13 30
 1 0 13 31
 1 0 13 32
 1 0 13 33
 1 0 13 34
 1 0 14 -7
 1 0 14 -6
 1 0 14 -5
 1 0 14 -4
 1 0 14 -3
 1 0 14 -2
 1 0 14 -1
 1 0 14 0
 1 0 14 1
 1 0 14 2
 1 0 14 3
 1 0 14 4
 1 0 14 5
 1 0 14 6
 1 0 14 7
 1 0 14 8
 1 0 14 9
 1 0 14 10
 1 0 14 11
 1 0 14 12
 1 0 14 13
 1 0 14 14
 1 0 14 15
 1 0 14 16
 1 0 14 17
 1 0 14 18
 1 0 14 19
 1 0 14 20
 1 0 14 21
 1 0 14 22
 1 0 14 23
 1 0 14 24
 1 0 14 25
 1 0 14 26
 1 0 14 27
 1 0 14 28
 1 0 14 29
 1 0 14 30
 1 0 14 31
 1 0 14 32
 1 0 14 33
 1 0 14 34
 1 0 15 -7
 1 0 15 -6
 1 0 15 -5
 1 0 15 -4
 1 0 15 -3
 1 0 15 -2
 1 0 15 -1
 1 0 15 0
 1 0 15 1
 1 0 15 2
 1 0 15 3
 1 0 15 4
 1 0 15 5
 1 0 15 6
 1 0 15 7
 1 0 15 8
 1 0 15 9
 1 0 15 10
 1 0 15 11
 1 0 15 12
 1 0 15 13
 1 0 15 14
 1 0 15 15
 1 0 15 16
 1 0 15 17
 1 0 15 18
 1 0 15 19
 1 0 15 20
 1 0 15 21
 1 0 15 22
 1 0 15 23
 1 0 15 24
 1 0 15 25
 1 0 15 26
 1 0 15 27
 1 0 15 28
 1 0 15 29
 1 0 15 30
 1 0 15 31
 1 0 15 32
 1 0 15 33
 1 0 16 -8
 1 0 16 -7
 1 0 16 -6
 1 0 16 -5
 1 0 16 -4
 1 0 16 -3
 1 0 16 -2
 1 0 16 -1
 1 0 16 0
 1 0 16 1
 1 0 16 2
 1 0 16 3
 1 0 16 4
 1 0 16 5
 1 0 16 6
 1 0 16 7
 1 0 16 8
 1 0 16 9
 1 0 16 10
 1 0 16 11
 1 0 16 12
 1 0 16 13
 1 0 16 14
 1 0 16 15
 1 0 16 16
 1 0 16 17
 1 0 16 18
 1 0 16 19
 1 0 16 20
 1 0 16 21
 1 0 16 22
 1 0 16 23
 1 0 16 24
 1 0 16 25
 1 0 16 26
 1 0 16 27
 1 0 16 28
 1 0 16 29
 1 0 16 30
 1 0 16 31
 1 0 16 32
 1 0 16 33
 1 0 17 -8
 1 0 17 -7
 1 0 17 -6
 1 0 17 -5
 1 0 17 -4
 1 0 17 -3
 1 0 17 -2
 1 0 17 -1
 1 0 17 0
 1 0 17 1
 1 0 17 2
 1 0 17 3
 1 0 17 4
 1 0 17 5
 1 0 17 6
 1 0 17 7
 1 0 17 8
 1 0 17 9
 1 0 17 10
 1 0 17 11
 1 0 17 12
 1 0 17 13
 1 0 17 14
 1 0 17 15
 1 0 17 16
 1 0 17 17
 1 0 17 18
 1 0 17 19
 1 0 17 20
 1 0 17 21
 1 0 17 22
 1 0 17 23
 1 0 17 24
 1 0 17 25
 1 0 17 26
 1 0 17 27
 1 0 17 28
 1 0 17 29
 1 0 17 30
 1 0 17 31
 1 0 17 32
 1 0 18 -9
 1 0 18 -8
 1 0 18 -7
 1 0 18 -6
 1 0 18 -5
 1 0 18 -4
 1 0 18 -3
 1 0 18 -2
 1 0 18 -1
 1 0 18 0
 1 0 18 1
 1 0 18 2
 1 0 18 3
 1 0 18 4
 1 0 18 5
 1 0 18 6
 1 0 18 7
 1 0 18 8
 1 0 18 9
 1 0 18 10
 1 0 18 11
 1 0 18 12
 1 0 18 13
 1 0 18 14
 1 0 18 15
 1 0 18 16
 1 0 18 17
 1 0 18 18
 1 0 18 19
 1 0 18 20
 1 0 18 21
 1 0 18 22
 1 0 18 23
 1 0 18 24
 1 0 18 25
 1 0 18 26
 1 0 18 27
 1 0 18 28
 1 0 18 29
 1 0 18 30
 1 0 18 31
 1 0 18 32
 1 0 19 -9
 1 0 19 -8
 1 0 19 -7
 1 0 19 -6
 1 0 19 -5
 1 0 19 -4
 1 0 19 -3
 1 0 19 -2
 1 0 19 -1
 1 0 19 0
 1 0 19 1
 1 0 19 2
 1 0 19 3
 1 0 19 4
 1 0 19 5
 1 0 19 6
 1 0 19 7
 1 0 19 8
 1 0 19 9
 1 0 19 10
 1 0 19 11
 1 0 19 12
 1 0 19 13
 1 0 19 14
 1 0 19 15
 1 0 19 16
 1 0 19 17
 1 0 19 18
 1 0 19 19
 1 0 19 20
 1 0 19 21
 1 0 19 22
 1 0 19 23
 1 0 19 24
 1 0 19 25
 1 0 19 26
 1 0 19 27
 1 0 19 28
 1 0 19 29
 1 0 19 30
 1 0 19 31
 1 0 20 -10
 1 0 20 -9
 1 0 20 -8
 1 0 20 -7
 1 0 20 -6
 1 0 20 -5
 1 0 20 -4
 1 0 20 -3
 1 0 20 -2
 1 0 20 -1
 1 0 20 0
 1 0 20 1
 1 0 20 2
 1 0 20 3
 1 0 20 4
 1 0 20 5
 1 0 20 6
 1 0 20 7
 1 0 20 8
 1 0 20 9
 1 0 20 10
 1 0 20 11
 1 0 20 12
 1 0 20 13
 1 0 20 14
 1 0 20 15
 1 0 20 16
 1 0 20 17
 1 0 20 18
 1 0 20 19
 1 0 20 20
 1 0 20 21
 1 0 20 22
 1 0 20 23
 1 0 20 24
 1 0 20 25
 1 0 20 26
 1 0 20 27
 1 0 20 28
 1 0 20 29
 1 0 20 30
 1 0 20 31
 1 0 21 -10
 1 0 21 -9
 1 0 21 -8
 1 0 21 -7
 1 0 21 -6
 1 0 21 -5
 1 0 21 -4
 1 0 21 -3
 1 0 21 -2
 1 0 21 -1
 1 0 21 0
 1 0 21 1
 1 0 21 2
 1 0 21 3
 1 0 21 4
 1 0 21 5
 1 0 21 6
 1 0 21 7
 1 0 21 8
 1 0 21 9
 1 0 21 10
 1 0 21 11
 1 0 21 12
 1 0 21 13
 1 0 21 14
 1 0 21 15
 1 0 21 16
 1 0 21 17
 1 0 21 18
 1 0 21 19
 1 0 21 20
 1 0 21 21
 1 0 21 22
 1 0 21 23
 1 0 21 24
 1 0 21 25
 1 0 21 26
 1 0 21 27
 1 0 21 28
 1 0 21 29
 1 0 21 30
 1 0 22 -11
 1 0 22 -10
 1 0 22 -9
 1 0 22 -8
 1 0 22 -7
 1 0 22 -6
 1 0 22 -5
 1 0 22 -4
 1 0 22 -3
 1 0 22 -2
 1 0 22 -1
 1 0 22 0
 1 0 22 1
 1 0 22 2
 1 0 22 3
 1 0 22 4
 1 0 22 5
 1 0 22 6
 1 0 22 7
 1 0 22 8
 1 0 22 9
 1 0 22 10
 1 0 22 11
 1 0 22 12
 1 0 22 13
 1 0 22 14
 1 0 22 15
 1 0 22 16
 1 0 22 17
 1 0 22 18
 1 0 22 19
 1 0 22 20
 1 0 22 21
 1 0 22 22
 1 0 22 23
 1 0 22 24
 1 0 22 25
 1 0 22 26
 1 0 22 27
 1 0 22 28
 1 0 22 29
 1 0 22 30
 1 0 23 -11
 1 0 23 -10
 1 0 23 -9
 1 0 23 -8
 1 0 23 -7
 1 0 23 -6
 1 0 23 -5
 1 0 23 -4
 1 0 23 -3
 1 0 23 -2
 1 0 23 -1
 1 0 23 0
 1 0 23 1
 1 0 23 2
 1 0 23 3
 1 0 23 4
 1 0 23 5
 1 0 23 6
 1 0 23 7
 1 0 23 8
 1 0 23 9
 1 0 23 10
 1 0 23 11
 1 0 23 12
 1 0 23 13
 1 0 23 14
 1 0 23 15
 1 0 23 16
 1 0 23 17
 1 0 23 18
 1 0 23 19
 1 0 23 20
 1 0 23 21
 1 0 23 22
 1 0 23 23
 1 0 23 24
 1 0 23 25
 1 0 23 26
 1 0 23 27
 1 0 23 28
 1 0 23 29
 1 0 24 -12
 1 0 24 -11
 1 0 24 -10
 1 0 24 -9
 1 0 24 -8
 1 0 24 -7
 1 0 24 -6
 1 0 24 -5
 1 0 24 -4
 1 0 24 -3
 1 0 24 -2
 1 0 24 -1
 1 0 24 0
 1 0 24 1
 1 0 24 2
 1 0 24 3
 1 0 24 4
 1 0 24 5
 1 0 24 6
 1 0 24 7
 1 0 24 8
 1 0 24 9
 1 0 24 10
 1 0 24 11
 1 0 24 12
 1 0 24 13
 1 0 24 14
 1 0 24 15
 1 0 24 16
 1 0 24 17
 1 0 24 18
 1 0 24 19
 1 0 24 20
 1 0 24 21
 1 0 24 22
 1 0 24 23
 1 0 24 24
 1 0 24 25
 1 0 24 26
 1 0 24 27
 1 0 24 28
 1 0 24 29
 1 0 25 -12
 1 0 25 -11
 1 0 25 -10
 1 0 25 -9
 1 0 25 -8
 1 0 25 -7
 1 0 25 -6
 1 0 25 -5
 1 0 25 -4
 1 0 25 -3
 1 0 25 -2
 1 0 25 -1
 1 0 25 0
 1 0 25 1
 1 0 25 2
 1 0 25 3
 1 0 25 4
 1 0 25 5
 1 0 25 6
 1 0 25 7
 1 0 25 8
 1 0 25 9
 1 0 25 10
 1 0 25 11
 1 0 25 12
 1 0 25 13
 1 0 25 14
 1 0 25 15
 1 0 25 16
 1 0 25 17
 1 0 25 18
 1 0 25 19
 1 0 25 20
 1 0 25 21
 1 0 25 22
 1 0 25 23
 1 0 25 24
 1 0 25 25
 1 0 25 26
 1 0 25 27
 1 0 25 28
 1 0 26 -13
 1 0 26 -12
 1 0 26 -11
 1 0 26 -10
 1 0 26 -9
 1 0 26 -8
 1 0 26 -7
 1 0 26 -6
 1 0 26 -5
 1 0 26 -4
 1 0 26 -3
 1 0 26 -2
 1 0 26 -1
 1 0 26 0
 1 0 26 1
 1 0 26 2
 1 0 26 3
 1 0 26 4
 1 0 26 5
 1 0 26 6
 1 0 26 7
 1 0 26 8
 1 0 26 9
 1 0 26 10
 1 0 26 11
 1 0 26 12
 1 0 26 13
 1 0 26 14
 1 0 26 15
 1 0 26 16
 1 0 26 17
 1 0 26 18
 1 0 26 19
 1 0 26 20
 1 0 26 21
 1 0 26 22
 1 0 26 23
 1 0 26 24
 1 0 26 25
 1 0 26 26
 1 0 26 27
 1 0 26 28
 1 0 27 -13
 1 0 27 -12
 1 0 27 -11
 1 0 27 -10
 1 0 27 -9
 1 0 27 -8
 1 0 27 -7
 1 0 27 -6
 1 0 27 -5
 1 0 27 -4
 1 0 27 -3
 1 0 27 -2
 1 0 27 -1
 1 0 27 0
 1 0 27 1
 1 0 27 2
 1 0 27 3
 1 0 27 4
 1 0 27 5
 1 0 27 6
 1 0 27 7
 1 0 27 8
 1 0 27 9
 1 0 27 10
 1 0 27 11
 1 0 27 12
 1 0 27 13
 1 0 27 14
 1 0 27 15
 1 0 27 16
 1 0 27 17
 1 0 27 18
 1 0 27 19
 1 0 27 20
 1 0 27 21
 1 0 27 22
 1 0 27 23
 1 0 27 24
 1 0 27 25
 1 0 27 26
 1 0 27 27
 1 0 28 -14
 1 0 28 -13
 1 0 28 -12
 1 0 28 -11
 1 0 28 -10
 1 0 28 -9
 1 0 28 -8
 1 0 28 -7
 1 0 28 -6
 1 0 28 -5
 1 0 28 -4
 1 0 28 -3
 1 0 28 -2
 1 0 28 -1
 1 0 28 0
 1 0 28 1
 1 0 28 2
 1 0 28 3
 1 0 28 4
 1 0 28 5
 1 0 28 6
 1 0 28 7
 1 0 28 8
 1 0 28 9
 1 0 28 10
 1 0 28 11
 1 0 28 12
 1 0 28 13
 1 0 28 14
 1 0 28 15
 1 0 28 16
 1 0 28 17
 1 0 28 18
 1 0 28 19
 1 0 28 20
 1 0 28 21
 1 0 28 22
 1 0 28 23
 1 0 28 24
 1 0 28 25
 1 0 28 26
 1 0 29 -14
 1 0 29 -13
 1 0 29 -12
 1 0 29 -11
 1 0 29 -10
 1 0 29 -9
 1 0 29 -8
 1 0 29 -7
 1 0 29 -6
 1 0 29 -5
 1 0 29 -4
 1 0 29 -3
 1 0 29 -2
 1 0 29 -1
 1 0 29 0
 1 0 29 1
 1 0 29 2
 1 0 29 3
 1 0 29 4
 1 0 29 5
 1 0 29 6
 1 0 29 7
 1 0 29 8
 1 0 29 9
 1 0 29 10
 1 0 29 11
 1 0 29 12
 1 0 29 13
 1 0 29 14
 1 0 29 15
 1 0 29 16
 1 0 29 17
 1 0 29 18
 1 0 29 19
 1 0 29 20
 1 0 29 21
 1 0 29 22
 1 0 29 23
 1 0 29 24
 1 0 30 -15
 1 0 30 -14
 1 0 30 -13
 1 0 30 -12
 1 0 30 -11
 1 0 30 -10
 1 0 30 -9
 1 0 30 -8
 1 0 30 -7
 1 0 30 -6
 1 0 30 -5
 1 0 30 -4
 1 0 30 -3
 1 0 30 -2
 1 0 30 -1
 1 0 30 0
 1 0 30 1
 1 0 30 2
 1 0 30 3
 1 0 30 4
 1 0 30 5
 1 0 30 6
 1 0 30 7
 1 0 30 8
 1 0 30 9
 1 0 30 10
 1 0 30 11
 1 0 30 12
 1 0 30 13
 1 0 30 14
 1 0 30 15
 1 0 30 16
 1 0 30 17
 1 0 30 18
 1 0 30 19
 1 0 30 20
 1 0 30 21
 1 0 30 22
 1 0 31 -15
 1 0 31 -14
 1 0 31 -13
 1 0 31 -12
 1 0 31 -11
 1 0 31 -10
 1 0 31 -9
 1 0 31 -8
 1 0 31 -7
 1 0 31 -6
 1 0 31 -5
 1 0 31 -4
 1 0 31 -3
 1 0 31 -2
 1 0 31 -1
 1 0 31 0
 1 0 31 1
 1 0 31 2
 1 0 31 3
 1 0 31 4
 1 0 31 5
 1 0 31 6
 1 0 31 7
 1 0 31 8
 1 0 31 9
 1 0 31 10
 1 0 31 11
 1 0 31 12
 1 0 31 13
 1 0 31 14
 1 0 31 15
 1 0 31 16
 1 0 31 17
 1 0 31 18
 1 0 31 19
 1 0 31 20
 1 0 32 -16
 1 0 32 -15
 1 0 32 -14
 1 0 32 -13
 1 0 32 -12
 1 0 32 -11
 1 0 32 -10
 1 0 32 -9
 1 0 32 -8
 1 0 32 -7
 1 0 32 -6
 1 0 32 -5
 1 0 32 -4
 1 0 32 -3
 1 0 32 -2
 1 0 32 -1
 1 0 32 0
 1 0 32 1
 1 0 32 2
 1 0 32 3
 1 0 32 4
 1 0 32 5
 1 0 32 6
 1 0 32 7
 1 0 32 8
 1 0 32 9
 1 0 32 10
 1 0 32 11
 1 0 32 12
 1 0 32 13
 1 0 32 14
 1 0 32 15
 1 0 32 16
 1 0 32 17
 1 0 32 18
 1 0 33 -16
 1 0 33 -15
 1 0 33 -14
 1 0 33 -13
 1 0 33 -12
 1 0 33 -11
 1 0 33 -10
 1 0 33 -9
 1 0 33 -8
 1 0 33 -7
 1 0 33 -6
 1 0 33 -5
 1 0 33 -4
 1 0 33 -3
 1 0 33 -2
 1 0 33 -1
 1 0 33 0
 1 0 33 1
 1 0 33 2
 1 0 33 3
 1 0 33 4
 1 0 33 5
 1 0 33 6
 1 0 33 7
 1 0 33 8
 1 0 33 9
 1 0 33 10
 1 0 33 11
 1 0 33 12
 1 0 33 13
 1 0 33 14
 1 0 33 15
 1 0 33 16
 1 0 34 -17
 1 0 34 -16
 1 0 34 -15
 1 0 34 -14
 1 0 34 -13
 1 0 34 -12
 1 0 34 -11
 1 0 34 -10
 1 0 34 -9
 1 0 34 -8
 1 0 34 -7
 1 0 34 -6
 1 0 34 -5
 1 0 34 -4
 1 0 34 -3
 1 0 34 -2
 1 0 34 -1
 1 0 34 0
 1 0 34 1
 1 0 34 2
 1 0 34 3
 1 0 34 4
 1 0 34 5
 1 0 34 6
 1 0 34 7
 1 0 34 8
 1 0 34 9
 1 0 34 10
 1 0 34 11
 1 0 34 12
 1 0 34 13
 1 0 34 14
 1 0 35 -17
 1 0 35 -16
 1 0 35 -15
 1 0 35 -14
 1 0 35 -13
 1 0 35 -12
 1 0 35 -11
 1 0 35 -10
 1 0 35 -9
 1 0 35 -8
 1 0 35 -7
 1 0 35 -6
 1 0 35 -5
 1 0 35 -4
 1 0 35 -3
 1 0 35 -2
 1 0 35 -1
 1 0 35 0
 1 0 35 1
 1 0 35 2
 1 0 35 3
 1 0 35 4
 1 0 35 5
 1 0 35 6
 1 0 35 7
 1 0 35 8
 1 0 35 9
 1 0 35 10
 1 0 35 11
 1 0 35 12
 1 0 36 -18
 1 0 36 -17
 1 0 36 -16
 1 0 36 -15
 1 0 36 -14
 1 0 36 -13
 1 0 36 -12
 1 0 36 -11
 1 0 36 -10
 1 0 36 -9
 1 0 36 -8
 1 0 36 -7
 1 0 36 -6
 1 0 36 -5
 1 0 36 -4
 1 0 36 -3
 1 0 36 -2
 1 0 36 -1
 1 0 36 0
 1 0 36 1
 1 0 36 2
 1 0 36 3
 1 0 36 4
 1 0 36 5
 1 0 36 6
 1 0 36 7
 1 0 36 8
 1 0 36 9
 1 0 36 10
 1 0 37 -18
 1 0 37 -17
 1 0 37 -16
 1 0 37 -15
 1 0 37 -14
 1 0 37 -13
 1 0 37 -12
 1 0 37 -11
 1 0 37 -10
 1 0 37 -9
 1 0 37 -8
 1 0 37 -7
 1 0 37 -6
 1 0 37 -5
 1 0 37 -4
 1 0 37 -3
 1 0 37 -2
 1 0 37 -1
 1 0 37 0
 1 0 37 1
 1 0 37 2
 1 0 37 3
 1 0 37 4
 1 0 37 5
 1 0 37 6
 1 0 37 7
 1 0 37 8
 1 0 38 -19
 1 0 38 -18
 1 0 38 -17
 1 0 38 -16
 1 0 38 -15
 1 0 38 -14
 1 0 38 -13
 1 0 38 -12
 1 0 38 -11
 1 0 38 -10
 1 0 38 -9
 1 0 38 -8
 1 0 38 -7
 1 0 38 -6
 1 0 38 -5
 1 0 38 -4
 1 0 38 -3
 1 0 38 -2
 1 0 38 -1
 1 0 38 0
 1 0 38 1
 1 0 38 2
 1 0 38 3
 1 0 38 4
 1 0 38 5
 1 0 38 6
 1 0 39 -19
 1 0 39 -18
 1 0 39 -17
 1 0 39 -16
 1 0 39 -15
 1 0 39 -14
 1 0 39 -13
 1 0 39 -12
 1 0 39 -11
 1 0 39 -10
 1 0 39 -9
 1 0 39 -8
 1 0 39 -7
 1 0 39 -6
 1 0 39 -5
 1 0 39 -4
 1 0 39 -3
 1 0 39 -2
 1 0 39 -1
 1 0 39 0
 1 0 39 1
 1 0 39 2
 1 0 39 3
 1 0 39 4
 1 0 40 -20
 1 0 40 -19
 1 0 40 -18
 1 0 40 -17
 1 0 40 -16
 1 0 40 -15
 1 0 40 -14
 1 0 40 -13
 1 0 40 -12
 1 0 40 -11
 1 0 40 -10
 1 0 40 -9
 1 0 40 -8
 1 0 40 -7
 1 0 40 -6
 1 0 40 -5
 1 0 40 -4
 1 0 40 -3
 1 0 40 -2
 1 0 40 -1
 1 0 40 0
 1 0 40 1
 1 0 40 2
 1 0 41 -20
 1 0 41 -19
 1 0 41 -18
 1 0 41 -17
 1 0 41 -16
 1 0 41 -15
 1 0 41 -14
 1 0 41 -13
 1 0 41 -12
 1 0 41 -11
 1 0 41 -10
 1 0 41 -9
 1 0 41 -8
 1 0 41 -7
 1 0 41 -6
 1 0 41 -5
 1 0 41 -4
 1 0 41 -3
 1 0 41 -2
 1 0 41 -1
 1 0 41 0
 1 0 42 -21
 1 0 42 -20
 1 0 42 -19
 1 0 42 -18
 1 0 42 -17
 1 0 42 -16
 1 0 42 -15
 1 0 42 -14
 1 0 42 -13
 1 0 42 -12
 1 0 42 -11
 1 0 42 -10
 1 0 42 -9
 1 0 42 -8
 1 0 42 -7
 1 0 42 -6
 1 0 42 -5
 1 0 42 -4
 1 0 42 -3
 1 0 42 -2
 1 0 43 -21
 1 0 43 -20
 1 0 43 -19
 1 0 43 -18
 1 0 43 -17
 1 0 43 -16
 1 0 43 -15
 1 0 43 -14
 1 0 43 -13
 1 0 43 -12
 1 0 43 -11
 1 0 43 -10
 1 0 43 -9
 1 0 43 -8
 1 0 43 -7
 1 0 43 -6
 1 0 43 -5
 1 0 43 -4
 1 0 44 -22
 1 0 44 -21
 1 0 44 -20
 1 0 44 -19
 1 0 44 -18
 1 0 44 -17
 1 0 44 -16
 1 0 44 -15
 1 0 44 -14
 1 0 44 -13
 1 0 44 -12
 1 0 44 -11
 1 0 44 -10
 1 0 44 -9
 1 0 44 -8
 1 0 44 -7
 1 0 44 -6
 1 0 45 -22
 1 0 45 -21
 1 0 45 -20
 1 0 45 -19
 1 0 45 -18
 1 0 45 -17
 1 0 45 -16
 1 0 45 -15
 1 0 45 -14
 1 0 45 -13
 1 0 45 -12
 1 0 45 -11
 1 0 45 -10
 1 0 45 -9
 1 0 45 -8
 1 0 46 -23
 1 0 46 -22
 1 0 46 -21
 1 0 46 -20
 1 0 46 -19
 1 0 46 -18
 1 0 46 -17
 1 0 46 -16
 1 0 46 -15
 1 0 46 -14
 1 0 46 -13
 1 0 46 -12
 1 0 46 -11
 1 0 46 -10
 1 0 47 -23
 1 0 47 -22
 1 0 47 -21
 1 0 47 -20
 1 0 47 -19
 1 0 47 -18
 1 0 47 -17
 1 0 47 -16
 1 0 47 -15
 1 0 47 -14
 1 0 47 -13
 1 0 47 -12
 1 0 48 -24
 1 0 48 -23
 1 0 48 -22
 1 0 48 -21
 1 0 48 -20
 1 0 48 -19
 1 0 48 -18
 1 0 48 -17
 1 0 48 -16
 1 0 48 -15
 1 0 48 -14
 1 0 49 -24
 1 0 49 -23
 1 0 49 -22
 1 0 49 -21
 1 0 49 -20
 1 0 49 -19
 1 0 49 -18
 1 0 49 -17
 1 0 49 -16
 1 0 50 -25
 1 0 50 -24
 1 0 50 -23
 1 0 50 -22
 1 0 50 -21
 1 0 50 -20
 1 0 50 -19
 1 0 50 -18
 1 0 51 -25
 1 0 51 -24
 1 0 51 -23
 1 0 51 -22
 1 0 51 -21
 1 0 51 -20
 1 0 52 -26
 1 0 52 -25
 1 0 52 -24
 1 0 52 -23
 1 0 52 -22
 1 0 53 -26
 1 0 53 -25
 1 0 53 -24
 1 0 54 -27
 1 0 54 -26
 1 1 -27 53
 1 1 -26 51
 1 1 -26 52
 1 1 -26 53
 1 1 -25 49
 1 1 -25 50
 1 1 -25 51
 1 1 -25 52
 1 1 -24 47
 1 1 -24 48
 1 1 -24 49
 1 1 -24 50
 1 1 -24 51
 1 1 -24 52
 1 1 -23 45
 1 1 -23 46
 1 1 -23 47
 1 1 -23 48
 1 1 -23 49
 1 1 -23 50
 1 1 -23 51
 1 1 -22 43
 1 1 -22 44
 1 1 -22 45
 1 1 -22 46
 1 1 -22 47
 1 1 -22 48
 1 1 -22 49
 1 1 -22 50
 1 1 -22 51
 1 1 -21 41
 1 1 -21 42
 1 1 -21 43
 1 1 -21 44
 1 1 -21 45
 1 1 -21 46
 1 1 -21 47
 1 1 -21 48
 1 1 -21 49
 1 1 -21 50
 1 1 -20 39
 1 1 -20 40
 1 1 -20 41
 1 1 -20 42
 1 1 -20 43
 1 1 -20 44
 1 1 -20 45
 1 1 -20 46
 1 1 -20 47
 1 1 -20 48
 1 1 -20 49
 1 1 -20 50
 1 1 -19 37
 1 1 -19 38
 1 1 -19 39
 1 1 -19 40
 1 1 -19 41
 1 1 -19 42
 1 1 -19 43
 1 1 -19 44
 1 1 -19 45
 1 1 -19 46
 1 1 -19 47
 1 1 -19 48
 1 1 -19 49
 1 1 -18 35
 1 1 -18 36
 1 1 -18 37
 1 1 -18 38
 1 1 -18 39
 1 1 -18 40
 1 1 -18 41
 1 1 -18 42
 1 1 -18 43
 1 1 -18 44
 1 1 -18 45
 1 1 -18 46
 1 1 -18 47
 1 1 -18 48
 1 1 -18 49
 1 1 -17 33
 1 1 -17 34
 1 1 -17 35
 1 1 -17 36
 1 1 -17 37
 1 1 -17 38
 1 1 -17 39
 1 1 -17 40
 1 1 -17 41
 1 1 -17 42
 1 1 -17 43
 1 1 -17 44
 1 1 -17 45
 1 1 -17 46
 1 1 -17 47
 1 1 -17 48
 1 1 -16 31
 1 1 -16 32
 1 1 -16 33
 1 1 -16 34
 1 1 -16 35
 1 1 -16 36
 1 1 -16 37
 1 1 -16 38
 1 1 -16 39
 1 1 -16 40
 1 1 -16 41
 1 1 -16 42
 1 1 -16 43
 1 1 -16 44
 1 1 -16 45
 1 1 -16 46
 1 1 -16 47
 1 1 -16 48
 1 1 -15 29
 1 1 -15 30
 1 1 -15 31
 1 1 -15 32
 1 1 -15 33
 1 1 -15 34
 1 1 -15 35
 1 1 -15 36
 1 1 -15 37
 1 1 -15 38
 1 1 -15 39
 1 1 -15 40
 1 1 -15 41
 1 1 -15 42
 1 1 -15 43
 1 1 -15 44
 1 1 -15 45
 1 1 -15 46
 1 1 -15 47
 1 1 -14 27
 1 1 -14 28
 1 1 -14 29
 1 1 -14 30
 1 1 -14 31
 1 1 -14 32
 1 1 -14 33
 1 1 -14 34
 1 1 -14 35
 1 1 -14 36
 1 1 -14 37
 1 1 -14 38
 1 1 -14 39
 1 1 -14 40
 1 1 -14 41
 1 1 -14 42
 1 1 -14 43
 1 1 -14 44
 1 1 -14 45
 1 1 -14 46
 1 1 -14 47
 1 1 -13 25
 1 1 -13 26
 1 1 -13 27
 1 1 -13 28
 1 1 -13 29
 1 1 -13 30
 1 1 -13 31
 1 1 -13 32
 1 1 -13 33
 1 1 -13 34
 1 1 -13 35
 1 1 -13 36
 1 1 -13 37
 1 1 -13 38
 1 1 -13 39
 1 1 -13 40
 1 1 -13 41
 1 1 -13 42
 1 1 -13 43
 1 1 -13 44
 1 1 -13 45
 1 1 -13 46
 1 1 -12 23
 1 1 -12 24
 1 1 -12 25
 1 1 -12 26
 1 1 -12 27
 1 1 -12 28
 1 1 -12 29
 1 1 -12 30
 1 1 -12 31
 1 1 -12 32
 1 1 -12 33
 1 1 -12 34
 1 1 -12 35
 1 1 -12 36
 1 1 -12 37
 1 1 -12 38
 1 1 -12 39
 1 1 -12 40
 1 1 -12 41
 1 1 -12 42
 1 1 -12 43
 1 1 -12 44
 1 1 -12 45
 1 1 -12 46
 1 1 -11 21
 1 1 -11 22
 1 1 -11 23
 1 1 -11 24
 1 1 -11 25
 1 1 -11 26
 1 1 -11 27
 1 1 -11 28
 1 1 -11 29
 1 1 -11 30
 1 1 -11 31
 1 1 -11 32
 1 1 -11 33
 1 1 -11 34
 1 1 -11 35
 1 1 -11 36
 1 1 -11 37
 1 1 -11 38
 1 1 -11 39
 1 1 -11 40
 1 1 -11 41
 1 1 -11 42
 1 1 -11 43
 1 1 -11 44
 1 1 -11 45
 1 1 -10 19
 1 1 -10 20
 1 1 -10 21
 1 1 -10 22
 1 1 -10 23
 1 1 -10 24
 1 1 -10 25
 1 1 -10 26
 1 1 -10 27
 1 1 -10 28
 1 1 -10 29
 1 1 -10 30
 1 1 -10 31
 1 1 -10 32
 1 1 -10 33
 1 1 -10 34
 1 1 -10 35
 1 1 -10 36
 1 1 -10 37
 1 1 -10 38
 1 1 -10 39
 1 1 -10 40
 1 1 -10 41
 1 1 -10 42
 1 1 -10 43
 1 1 -10 44
 1 1 -10 45
 1 1 -9 17
 1 1 -9 18
 1 1 -9 19
 1 1 -9 20
 1 1 -9 21
 1 1 -9 22
 1 1 -9 23
 1 1 -9 24
 1 1 -9 25
 1 1 -9 26
 1 1 -9 27
 1 1 -9 28
 1 1 -9 29
 1 1 -9 30
 1 1 -9 31
 1 1 -9 32
 1 1 -9 33
 1 1 -9 34
 1 1 -9 35
 1 1 -9 36
 1 1 -9 37
 1 1 -9 38
 1 1 -9 39
 1 1 -9 40
 1 1 -9 41
 1 1 -9 42
 1 1 -9 43
 1 1 -9 44
 1 1 -8 15
 1 1 -8 16
 1 1 -8 17
 1 1 -8 18
 1 1 -8 19
 1 1 -8 20
 1 1 -8 21
 1 1 -8 22
 1 1 -8 23
 1 1 -8 24
 1 1 -8 25
 1 1 -8 26
 1 1 -8 27
 1 1 -8 28
 1 1 -8 29
 1 1 -8 30
 1 1 -8 31
 1 1 -8 32
 1 1 -8 33
 1 1 -8 34
 1 1 -8 35
 1 1 -8 36
 1 1 -8 37
 1 1 -8 38
 1 1 -8 39
 1 1 -8 40
 1 1 -8 41
 1 1 -8 42
 1 1 -8 43
 1 1 -8 44
 1 1 -7 13
 1 1 -7 14
 1 1 -7 15
 1 1 -7 16
 1 1 -7 17
 1 1 -7 18
 1 1 -7 19
 1 1 -7 20
 1 1 -7 21
 1 1 -7 22
 1 1 -7 23
 1 1 -7 24
 1 1 -7 25
 1 1 -7 26
 1 1 -7 27
 1 1 -7 28
 1 1 -7 29
 1 1 -7 30
 1 1 -7 31
 1 1 -7 32
 1 1 -7 33
 1 1 -7 34
 1 1 -7 35
 1 1 -7 36
 1 1 -7 37
 1 1 -7 38
 1 1 -7 39
 1 1 -7 40
 1 1 -7 41
 1 1 -7 42
 1 1 -7 43
 1 1 -6 11
 1 1 -6 12
 1 1 -6 13
 1 1 -6 14
 1 1 -6 15
 1 1 -6 16
 1 1 -6 17
 1 1 -6 18
 1 1 -6 19
 1 1 -6 20
 1 1 -6 21
 1 1 -6 22
 1 1 -6 23
 1 1 -6 24
 1 1 -6 25
 1 1 -6 26
 1 1 -6 27
 1 1 -6 28
 1 1 -6 29
 1 1 -6 30
 1 1 -6 31
 1 1 -6 32
 1 1 -6 33
 1 1 -6 34
 1 1 -6 35
 1 1 -6 36
 1 1 -6 37
 1 1 -6 38
 1 1 -6 39
 1 1 -6 40
 1 1 -6 41
 1 1 -6 42
 1 1 -6 43
 1 1 -5 9
 1 1 -5 10
 1 1 -5 11
 1 1 -5 12
 1 1 -5 13
 1 1 -5 14
 1 1 -5 15
 1 1 -5 16
 1 1 -5 17
 1 1 -5 18
 1 1 -5 19
 1 1 -5 20
 1 1 -5 21
 1 1 -5 22
 1 1 -5 23
 1 1 -5 24
 1 1 -5 25
 1 1 -5 26
 1 1 -5 27
 1 1 -5 28
 1 1 -5 29
 1 1 -5 30
 1 1 -5 31
 1 1 -5 32
 1 1 -5 33
 1 1 -5 34
 1 1 -5 35
 1 1 -5 36
 1 1 -5 37
 1 1 -5 38
 1 1 -5 39
 1 1 -5 40
 1 1 -5 41
 1 1 -5 42
 1 1 -4 7
 1 1 -4 8
 1 1 -4 9
 1 1 -4 10
 1 1 -4 11
 1 1 -4 12
 1 1 -4 13
 1 1 -4 14
 1 1 -4 15
 1 1 -4 16
 1 1 -4 17
 1 1 -4 18
 1 1 -4 19
 1 1 -4 20
 1 1 -4 21
 1 1 -4 22
 1 1 -4 23
 1 1 -4 24
 1 1 -4 25
 1 1 -4 26
 1 1 -4 27
 1 1 -4 28
 1 1 -4 29
 1 1 -4 30
 1 1 -4 31
 1 1 -4 32
 1 1 -4 33
 1 1 -4 34
 1 1 -4 35
 1 1 -4 36
 1 1 -4 37
 1 1 -4 38
 1 1 -4 39
 1 1 -4 40
 1 1 -4 41
 1 1 -4 42
 1 1 -3 5
 1 1 -3 6
 1 1 -3 7
 1 1 -3 8
 1 1 -3 9
 1 1 -3 10
 1 1 -3 11
 1 1 -3 12
 1 1 -3 13
 1 1 -3 14
 1 1 -3 15
 1 1 -3 16
 1 1 -3 17
 1 1 -3 18
 1 1 -3 19
 1 1 -3 20
 1 1 -3 21
 1 1 -3 22
 1 1 -3 23
 1 1 -3 24
 1 1 -3 25
 1 1 -3 26
 1 1 -3 27
 1 1 -3 28
 1 1 -3 29
 1 1 -3 30
 1 1 -3 31
 1 1 -3 32
 1 1 -3 33
 1 1 -3 34
 1 1 -3 35
 1 1 -3 36
 1 1 -3 37
 1 1 -3 38
 1 1 -3 39
 1 1 -3 40
 1 1 -3 41
 1 1 -2 3
 1 1 -2 4
 1 1 -2 5
 1 1 -2 6
 1 1 -2 7
 1 1 -2 8
 1 1 -2 9
 1 1 -2 10
 1 1 -2 11
 1 1 -2 12
 1 1 -2 13
 1 1 -2 14
 1 1 -2 15
 1 1 -2 16
 1 1 -2 17
 1 1 -2 18
 1 1 -2 19
 1 1 -2 20
 1 1 -2 21
 1 1 -2 22
 1 1 -2 23
 1 1 -2 24
 1 1 -2 25
 1 1 -2 26
 1 1 -2 27
 1 1 -2 28
 1 1 -2 29
 1 1 -2 30
 1 1 -2 31
 1 1 -2 32
 1 1 -2 33
 1 1 -2 34
 1 1 -2 35
 1 1 -2 36
 1 1 -2 37
 1 1 -2 38
 1 1 -2 39
 1 1 -2 40
 1 1 -2 41
 1 1 -1 1
 1 1 -1 2
 1 1 -1 3
 1 1 -1 4
 1 1 -1 5
 1 1 -1 6
 1 1 -1 7
 1 1 -1 8
 1 1 -1 9
 1 1 -1 10
 1 1 -1 11
 1 1 -1 12
 1 1 -1 13
 1 1 -1 14
 1 1 -1 15
 1 1 -1 16
 1 1 -1 17
 1 1 -1 18
 1 1 -1 19
 1 1 -1 20
 1 1 -1 21
 1 1 -1 22
 1 1 -1 23
 1 1 -1 24
 1 1 -1 25
 1 1 -1 26
 1 1 -1 27
 1 1 -1 28
 1 1 -1 29
 1 1 -1 30
 1 1 -1 31
 1 1 -1 32
 1 1 -1 33
 1 1 -1 34
 1 1 -1 35
 1 1 -1 36
 1 1 -1 37
 1 1 -1 38
 1 1 -1 39
 1 1 -1 40
 1 1 0 -1
 1 1 0 0
 1 1 0 1
 1 1 0 2
 1 1 0 3
 1 1 0 4
 1 1 0 5
 1 1 0 6
 1 1 0 7
 1 1 0 8
 1 1 0 9
 1 1 0 10
 1 1 0 11
 1 1 0 12
 1 1 0 13
 1 1 0 14
 1 1 0 15
 1 1 0 16
 1 1 0 17
 1 1 0 18
 1 1 0 19
 1 1 0 20
 1 1 0 21
 1 1 0 22
 1 1 0 23
 1 1 0 24
 1 1 0 25
 1 1 0 26
 1 1 0 27
 1 1 0 28
 1 1 0 29
 1 1 0 30
 1 1 0 31
 1 1 0 32
 1 1 0 33
 1 1 0 34
 1 1 0 35
 1 1 0 36
 1 1 0 37
 1 1 0 38
 1 1 0 39
 1 1 0 40
 1 1 1 -1
 1 1 1 0
 1 1 1 1
 1 1 1 2
 1 1 1 3
 1 1 1 4
 1 1 1 5
 1 1 1 6
 1 1 1 7
 1 1 1 8
 1 1 1 9
 1 1 1 10
 1 1 1 11
 1 1 1 12
 1 1 1 13
 1 1 1 14
 1 1 1 15
 1 1 1 16
 1 1 1 17
 1 1 1 18
 1 1 1 19
 1 1 1 20
 1 1 1 21
 1 1 1 22
 1 1 1 23
 1 1 1 24
 1 1 1 25
 1 1 1 26
 1 1 1 27
 1 1 1 28
 1 1 1 29
 1 1 1 30
 1 1 1 31
 1 1 1 32
 1 1 1 33
 1 1 1 34
 1 1 1 35
 1 1 1 36
 1 1 1 37
 1 1 1 38
 1 1 1 39
 1 1 2 -2
 1 1 2 -1
 1 1 2 0
 1 1 2 1
 1 1 2 2
 1 1 2 3
 1 1 2 4
 1 1 2 5
 1 1 2 6
 1 1 2 7
 1 1 2 8
 1 1 2 9
 1 1 2 10
 1 1 2 11
 1 1 2 12
 1 1 2 13
 1 1 2 14
 1 1 2 15
 1 1 2 16
 1 1 2 17
 1 1 2 18
 1 1 2 19
 1 1 2 20
 1 1 2 21
 1 1 2 22
 1 1 2 23
 1 1 2 24
 1 1 2 25
 1 1 2 26
 1 1 2 27
 1 1 2 28
 1 1 2 29
 1 1 2 30
 1 1 2 31
 1 1 2 32
 1 1 2 33
 1 1 2 34
 1 1 2 35
 1 1 2 36
 1 1 2 37
 1 1 2 38
 1 1 2 39
 1 1 3 -2
 1 1 3 -1
 1 1 3 0
 1 1 3 1
 1 1 3 2
 1 1 3 3
 1 1 3 4
 1 1 3 5
 1 1 3 6
 1 1 3 7
 1 1 3 8
 1 1 3 9
 1 1 3 10
 1 1 3 11
 1 1 3 12
 1 1 3 13
 1 1 3 14
 1 1 3 15
 1 1 3 16
 1 1 3 17
 1 1 3 18
 1 1 3 19
 1 1 3 20
 1 1 3 21
 1 1 3 22
 1 1 3 23
 1 1 3 24
 1 1 3 25
 1 1 3 26
 1 1 3 27
 1 1 3 28
 1 1 3 29
 1 1 3 30
 1 1 3 31
 1 1 3 32
 1 1 3 33
 1 1 3 34
 1 1 3 35
 1 1 3 36
 1 1 3 37
 1 1 3 38
 1 1 4 -3
 1 1 4 -2
 1 1 4 -1
 1 1 4 0
 1 1 4 1
 1 1 4 2
 1 1 4 3
 1 1 4 4
 1 1 4 5
 1 1 4 6
 1 1 4 7
 1 1 4 8
 1 1 4 9
 1 1 4 10
 1 1 4 11
 1 1 4 12
 1 1 4 13
 1 1 4 14
 1 1 4 15
 1 1 4 16
 1 1 4 17
 1 1 4 18
 1 1 4 19
 1 1 4 20
 1 1 4 21
 1 1 4 22
 1 1 4 23
 1 1 4 24
 1 1 4 25
 1 1 4 26
 1 1 4 27
 1 1 4 28
 1 1 4 29
 1 1 4 30
 1 1 4 31
 1 1 4 32
 1 1 4 33
 1 1 4 34
 1 1 4 35
 1 1 4 36
 1 1 4 37
 1 1 4 38
 1 1 5 -3
 1 1 5 -2
 1 1 5 -1
 1 1 5 0
 1 1 5 1
 1 1 5 2
 1 1 5 3
 1 1 5 4
 1 1 5 5
 1 1 5 6
 1 1 5 7
 1 1 5 8
 1 1 5 9
 1 1 5 10
 1 1 5 11
 1 1 5 12
 1 1 5 13
 1 1 5 14
 1 1 5 15
 1 1 5 16
 1 1 5 17
 1 1 5 18
 1 1 5 19
 1 1 5 20
 1 1 5 21
 1 1 5 22
 1 1 5 23
 1 1 5 24
 1 1 5 25
 1 1 5 26
 1 1 5 27
 1 1 5 28
 1 1 5 29
 1 1 5 30
 1 1 5 31
 1 1 5 32
 1 1 5 33
 1 1 5 34
 1 1 5 35
 1 1 5 36
 1 1 5 37
 1 1 6 -4
 1 1 6 -3
 1 1 6 -2
 1 1 6 -1
 1 1 6 0
 1 1 6 1
 1 1 6 2
 1 1 6 3
 1 1 6 4
 1 1 6 5
 1 1 6 6
 1 1 6 7
 1 1 6 8
 1 1 6 9
 1 1 6 10
 1 1 6 11
 1 1 6 12
 1 1 6 13
 1 1 6 14
 1 1 6 15
 1 1 6 16
 1 1 6 17
 1 1 6 18
 1 1 6 19
 1 1 6 20
 1 1 6 21
 1 1 6 22
 1 1 6 23
 1 1 6 24
 1 1 6 25
 1 1 6 26
 1 1 6 27
 1 1 6 28
 1 1 6 29
 1 1 6 30
 1 1 6 31
 1 1 6 32
 1 1 6 33
 1 1 6 34
 1 1 6 35
 1 1 6 36
 1 1 6 37
 1 1 7 -4
 1 1 7 -3
 1 1 7 -2
 1 1 7 -1
 1 1 7 0
 1 1 7 1
 1 1 7 2
 1 1 7 3
 1 1 7 4
 1 1 7 5
 1 1 7 6
 1 1 7 7
 1 1 7 8
 1 1 7 9
 1 1 7 10
 1 1 7 11
 1 1 7 12
 1 1 7 13
 1 1 7 14
 1 1 7 15
 1 1 7 16
 1 1 7 17
 1 1 7 18
 1 1 7 19
 1 1 7 20
 1 1 7 21
 1 1 7 22
 1 1 7 23
 1 1 7 24
 1 1 7 25
 1 1 7 26
 1 1 7 27
 1 1 7 28
 1 1 7 29
 1 1 7 30
 1 1 7 31
 1 1 7 32
 1 1 7 33
 1 1 7 34
 1 1 7 35
 1 1 7 36
 1 1 8 -5
 1 1 8 -4
 1 1 8 -3
 1 1 8 -2
 1 1 8 -1
 1 1 8 0
 1 1 8 1
 1 1 8 2
 1 1 8 3
 1 1 8 4
 1 1 8 5
 1 1 8 6
 1 1 8 7
 1 1 8 8
 1 1 8 9
 1 1 8 10
 1 1 8 11
 1 1 8 12
 1 1 8 13
 1 1 8 14
 1 1 8 15
 1 1 8 16
 1 1 8 17
 1 1 8 18
 1 1 8 19
 1 1 8 20
 1 1 8 21
 1 1 8 22
 1 1 8 23
 1 1 8 24
 1 1 8 25
 1 1 8 26
 1 1 8 27
 1 1 8 28
 1 1 8 29
 1 1 8 30
 1 1 8 31
 1 1 8 32
 1 1 8 33
 1 1 8 34
 1 1 8 35
 1 1 8 36
 1 1 9 -5
 1 1 9 -4
 1 1 9 -3
 1 1 9 -2
 1 1 9 -1
 1 1 9 0
 1 1 9 1
 1 1 9 2
 1 1 9 3
 1 1 9 4
 1 1 9 5
 1 1 9 6
 1 1 9 7
 1 1 9 8
 1 1 9 9
 1 1 9 10
 1 1 9 11
 1 1 9 12
 1 1 9 13
 1 1 9 14
 1 1 9 15
 1 1 9 16
 1 1 9 17
 1 1 9 18
 1 1 9 19
 1 1 9 20
 1 1 9 21
 1 1 9 22
 1 1 9 23
 1 1 9 24
 1 1 9 25
 1 1 9 26
 1 1 9 27
 1 1 9 28
 1 1 9 29
 1 1 9 30
 1 1 9 31
 1 1 9 32
 1 1 9 33
 1 1 9 34
 1 1 9 35
 1 1 10 -6
 1 1 10 -5
 1 1 10 -4
 1 1 10 -3
 1 1 10 -2
 1 1 10 -1
 1 1 10 0
 1 1 10 1
 1 1 10 2
 1 1 10 3
 1 1 10 4
 1 1 10 5
 1 1 10 6
 1 1 10 7
 1 1 10 8
 1 1 10 9
 1 1 10 10
 1 1 10 11
 1 1 10 12
 1 1 10 13
 1 1 10 14
 1 1 10 15
 1 1 10 16
 1 1 10 17
 1 1 10 18
 1 1 10 19
 1 1 10 20
 1 1 10 21
 1 1 10 22
 1 1 10 23
 1 1 10 24
 1 1 10 25
 1 1 10 26
 1 1 10 27
 1 1 10 28
 1 1 10 29
 1 1 10 30
 1 1 10 31
 1 1 10 32
 1 1 10 33
 1 1 10 34
 1 1 10 35
 1 1 11 -6
 1 1 11 -5
 1 1 11 -4
 1 1 11 -3
 1 1 11 -2
 1 1 11 -1
 1 1 11 0
 1 1 11 1
 1 1 11 2
 1 1 11 3
 1 1 11 4
 1 1 11 5
 1 1 11 6
 1 1 11 7
 1 1 11 8
 1 1 11 9
 1 1 11 10
 1 1 11 11
 1 1 11 12
 1 1 11 13
 1 1 11 14
 1 1 11 15
 1 1 11 16
 1 1 11 17
 1 1 11 18
 1 1 11 19
 1 1 11 20
 1 1 11 21
 1 1 11 22
 1 1 11 23
 1 1 11 24
 1 1 11 25
 1 1 11 26
 1 1 11 27
 1 1 11 28
 1 1 11 29
 1 1 11 30
 1 1 11 31
 1 1 11 32
 1 1 11 33
 1 1 11 34
 1 1 12 -7
 1 1 12 -6
 1 1 12 -5
 1 1 12 -4
 1 1 12 -3
 1 1 12 -2
 1 1 12 -1
 1 1 12 0
 1 1 12 1
 1 1 12 2
 1 1 12 3
 1 1 12 4
 1 1 12 5
 1 1 12 6
 1 1 12 7
 1 1 12 8
 1 1 12 9
 1 1 12 10
 1 1 12 11
 1 1 12 12
 1 1 12 13
 1 1 12 14
 1 1 12 15
 1 1 12 16
 1 1 12 17
 1 1 12 18
 1 1 12 19
 1 1 12 20
 1 1 12 21
 1 1 12 22
 1 1 12 23
 1 1 12 24
 1 1 12 25
 1 1 12 26
 1 1 12 27
 1 1 12 28
 1 1 12 29
 1 1 12 30
 1 1 12 31
 1 1 12 32
 1 1 12 33
 1 1 12 34
 1 1 13 -7
 1 1 13 -6
 1 1 13 -5
 1 1 13 -4
 1 1 13 -3
 1 1 13 -2
 1 1 13 -1
 1 1 13 0
 1 1 13 1
 1 1 13 2
 1 1 13 3
 1 1 13 4
 1 1 13 5
 1 1 13 6
 1 1 13 7
 1 1 13 8
 1 1 13 9
 1 1 13 10
 1 1 13 11
 1 1 13 12
 1 1 13 13
 1 1 13 14
 1 1 13 15
 1 1 13 16
 1 1 13 17
 1 1 13 18
 1 1 13 19
 1 1 13 20
 1 1 13 21
 1 1 13 22
 1 1 13 23
 1 1 13 24
 1 1 13 25
 1 1 13 26
 1 1 13 27
 1 1 13 28
 1 1 13 29
 1 1 13 30
 1 1 13 31
 1 1 13 32
 1 1 13 33
 1 1 14 -8
 1 1 14 -7
 1 1 14 -6
 1 1 14 -5
 1 1 14 -4
 1 1 14 -3
 1 1 14 -2
 1 1 14 -1
 1 1 14 0
 1 1 14 1
 1 1 14 2
 1 1 14 3
 1 1 14 4
 1 1 14 5
 1 1 14 6
 1 1 14 7
 1 1 14 8
 1 1 14 9
 1 1 14 10
 1 1 14 11
 1 1 14 12
 1 1 14 13
 1 1 14 14
 1 1 14 15
 1 1 14 16
 1 1 14 17
 1 1 14 18
 1 1 14 19
 1 1 14 20
 1 1 14 21
 1 1 14 22
 1 1 14 23
 1 1 14 24
 1 1 14 25
 1 1 14 26
 1 1 14 27
 1 1 14 28
 1 1 14 29
 1 1 14 30
 1 1 14 31
 1 1 14 32
 1 1 14 33
 1 1 15 -8
 1 1 15 -7
 1 1 15 -6
 1 1 15 -5
 1 1 15 -4
 1 1 15 -3
 1 1 15 -2
 1 1 15 -1
 1 1 15 0
 1 1 15 1
 1 1 15 2
 1 1 15 3
 1 1 15 4
 1 1 15 5
 1 1 15 6
 1 1 15 7
 1 1 15 8
 1 1 15 9
 1 1 15 10
 1 1 15 11
 1 1 15 12
 1 1 15 13
 1 1 15 14
 1 1 15 15
 1 1 15 16
 1 1 15 17
 1 1 15 18
 1 1 15 19
 1 1 15 20
 1 1 15 21
 1 1 15 22
 1 1 15 23
 1 1 15 24
 1 1 15 25
 1 1 15 26
 1 1 15 27
 1 1 15 28
 1 1 15 29
 1 1 15 30
 1 1 15 31
 1 1 15 32
 1 1 16 -9
 1 1 16 -8
 1 1 16 -7
 1 1 16 -6
 1 1 16 -5
 1 1 16 -4
 1 1 16 -3
 1 1 16 -2
 1 1 16 -1
 1 1 16 0
 1 1 16 1
 1 1 16 2
 1 1 16 3
 1 1 16 4
 1 1 16 5
 1 1 16 6
 1 1 16 7
 1 1 16 8
 1 1 16 9
 1 1 16 10
 1 1 16 11
 1 1 16 12
 1 1 16 13
 1 1 16 14
 1 1 16 15
 1 1 16 16
 1 1 16 17
 1 1 16 18
 1 1 16 19
 1 1 16 20
 1 1 16 21
 1 1 16 22
 1 1 16 23
 1 1 16 24
 1 1 16 25
 1 1 16 26
 1 1 16 27
 1 1 16 28
 1 1 16 29
 1 1 16 30
 1 1 16 31
 1 1 16 32
 1 1 17 -9
 1 1 17 -8
 1 1 17 -7
 1 1 17 -6
 1 1 17 -5
 1 1 17 -4
 1 1 17 -3
 1 1 17 -2
 1 1 17 -1
 1 1 17 0
 1 1 17 1
 1 1 17 2
 1 1 17 3
 1 1 17 4
 1 1 17 5
 1 1 17 6
 1 1 17 7
 1 1 17 8
 1 1 17 9
 1 1 17 10
 1 1 17 11
 1 1 17 12
 1 1 17 13
 1 1 17 14
 1 1 17 15
 1 1 17 16
 1 1 17 17
 1 1 17 18
 1 1 17 19
 1 1 17 20
 1 1 17 21
 1 1 17 22
 1 1 17 23
 1 1 17 24
 1 1 17 25
 1 1 17 26
 1 1 17 27
 1 1 17 28
 1 1 17 29
 1 1 17 30
 1 1 17 31
 1 1 18 -10
 1 1 18 -9
 1 1 18 -8
 1 1 18 -7
 1 1 18 -6
 1 1 18 -5
 1 1 18 -4
 1 1 18 -3
 1 1 18 -2
 1 1 18 -1
 1 1 18 0
 1 1 18 1
 1 1 18 2
 1 1 18 3
 1 1 18 4
 1 1 18 5
 1 1 18 6
 1 1 18 7
 1 1 18 8
 1 1 18 9
 1 1 18 10
 1 1 18 11
 1 1 18 12
 1 1 18 13
 1 1 18 14
 1 1 18 15
 1 1 18 16
 1 1 18 17
 1 1 18 18
 1 1 18 19
 1 1 18 20
 1 1 18 21
 1 1 18 22
 1 1 18 23
 1 1 18 24
 1 1 18 25
 1 1 18 26
 1 1 18 27
 1 1 18 28
 1 1 18 29
 1 1 18 30
 1 1 18 31
 1 1 19 -10
 1 1 19 -9
 1 1 19 -8
 1 1 19 -7
 1 1 19 -6
 1 1 19 -5
 1 1 19 -4
 1 1 19 -3
 1 1 19 -2
 1 1 19 -1
 1 1 19 0
 1 1 19 1
 1 1 19 2
 1 1 19 3
 1 1 19 4
 1 1 19 5
 1 1 19 6
 1 1 19 7
 1 1 19 8
 1 1 19 9
 1 1 19 10
 1 1 19 11
 1 1 19 12
 1 1 19 13
 1 1 19 14
 1 1 19 15
 1 1 19 16
 1 1 19 17
 1 1 19 18
 1 1 19 19
 1 1 19 20
 1 1 19 21
 1 1 19 22
 1 1 19 23
 1 1 19 24
 1 1 19 25
 1 1 19 26
 1 1 19 27
 1 1 19 28
 1 1 19 29
 1 1 19 30
 1 1 20 -11
 1 1 20 -10
 1 1 20 -9
 1 1 20 -8
 1 1 20 -7
 1 1 20 -6
 1 1 20 -5
 1 1 20 -4
 1 1 20 -3
 1 1 20 -2
 1 1 20 -1
 1 1 20 0
 1 1 20 1
 1 1 20 2
 1 1 20 3
 1 1 20 4
 1 1 20 5
 1 1 20 6
 1 1 20 7
 1 1 20 8
 1 1 20 9
 1 1 20 10
 1 1 20 11
 1 1 20 12
 1 1 20 13
 1 1 20 14
 1 1 20 15
 1 1 20 16
 1 1 20 17
 1 1 20 18
 1 1 20 19
 1 1 20 20
 1 1 20 21
 1 1 20 22
 1 1 20 23
 1 1 20 24
 1 1 20 25
 1 1 20 26
 1 1 20 27
 1 1 20 28
 1 1 20 29
 1 1 20 30
 1 1 21 -11
 1 1 21 -10
 1 1 21 -9
 1 1 21 -8
 1 1 21 -7
 1 1 21 -6
 1 1 21 -5
 1 1 21 -4
 1 1 21 -3
 1 1 21 -2
 1 1 21 -1
 1 1 21 0
 1 1 21 1
 1 1 21 2
 1 1 21 3
 1 1 21 4
 1 1 21 5
 1 1 21 6
 1 1 21 7
 1 1 21 8
 1 1 21 9
 1 1 21 10
 1 1 21 11
 1 1 21 12
 1 1 21 13
 1 1 21 14
 1 1 21 15
 1 1 21 16
 1 1 21 17
 1 1 21 18
 1 1 21 19
 1 1 21 20
 1 1 21 21
 1 1 21 22
 1 1 21 23
 1 1 21 24
 1 1 21 25
 1 1 21 26
 1 1 21 27
 1 1 21 28
 1 1 21 29
 1 1 22 -12
 1 1 22 -11
 1 1 22 -10
 1 1 22 -9
 1 1 22 -8
 1 1 22 -7
 1 1 22 -6
 1 1 22 -5
 1 1 22 -4
 1 1 22 -3
 1 1 22 -2
 1 1 22 -1
 1 1 22 0
 1 1 22 1
 1 1 22 2
 1 1 22 3
 1 1 22 4
 1 1 22 5
 1 1 22 6
 1 1 22 7
 1 1 22 8
 1 1 22 9
 1 1 22 10
 1 1 22 11
 1 1 22 12
 1 1 22 13
 1 1 22 14
 1 1 22 15
 1 1 22 16
 1 1 22 17
 1 1 22 18
 1 1 22 19
 1 1 22 20
 1 1 22 21
 1 1 22 22
 1 1 22 23
 1 1 22 24
 1 1 22 25
 1 1 22 26
 1 1 22 27
 1 1 22 28
 1 1 22 29
 1 1 23 -12
 1 1 23 -11
 1 1 23 -10
 1 1 23 -9
 1 1 23 -8
 1 1 23 -7
 1 1 23 -6
 1 1 23 -5
 1 1 23 -4
 1 1 23 -3
 1 1 23 -2
 1 1 23 -1
 1 1 23 0
 1 1 23 1
 1 1 23 2
 1 1 23 3
 1 1 23 4
 1 1 23 5
 1 1 23 6
 1 1 23 7
 1 1 23 8
 1 1 23 9
 1 1 23 10
 1 1 23 11
 1 1 23 12
 1 1 23 13
 1 1 23 14
 1 1 23 15
 1 1 23 16
 1 1 23 17
 1 1 23 18
 1 1 23 19
 1 1 23 20
 1 1 23 21
 1 1 23 22
 1 1 23 23
 1 1 23 24
 1 1 23 25
 1 1 23 26
 1 1 23 27
 1 1 23 28
 1 1 24 -13
 1 1 24 -12
 1 1 24 -11
 1 1 24 -10
 1 1 24 -9
 1 1 24 -8
 1 1 24 -7
 1 1 24 -6
 1 1 24 -5
 1 1 24 -4
 1 1 24 -3
 1 1 24 -2
 1 1 24 -1
 1 1 24 0
 1 1 24 1
 1 1 24 2
 1 1 24 3
 1 1 24 4
 1 1 24 5
 1 1 24 6
 1 1 24 7
 1 1 24 8
 1 1 24 9
 1 1 24 10
 1 1 24 11
 1 1 24 12
 1 1 24 13
 1 1 24 14
 1 1 24 15
 1 1 24 16
 1 1 24 17
 1 1 24 18
 1 1 24 19
 1 1 24 20
 1 1 24 21
 1 1 24 22
 1 1 24 23
 1 1 24 24
 1 1 24 25
 1 1 24 26
 1 1 24 27
 1 1 24 28
 1 1 25 -13
 1 1 25 -12
 1 1 25 -11
 1 1 25 -10
 1 1 25 -9
 1 1 25 -8
 1 1 25 -7
 1 1 25 -6
 1 1 25 -5
 1 1 25 -4
 1 1 25 -3
 1 1 25 -2
 1 1 25 -1
 1 1 25 0
 1 1 25 1
 1 1 25 2
 1 1 25 3
 1 1 25 4
 1 1 25 5
 1 1 25 6
 1 1 25 7
 1 1 25 8
 1 1 25 9
 1 1 25 10
 1 1 25 11
 1 1 25 12
 1 1 25 13
 1 1 25 14
 1 1 25 15
 1 1 25 16
 1 1 25 17
 1 1 25 18
 1 1 25 19
 1 1 25 20
 1 1 25 21
 1 1 25 22
 1 1 25 23
 1 1 25 24
 1 1 25 25
 1 1 25 26
 1 1 25 27
 1 1 26 -14
 1 1 26 -13
 1 1 26 -12
 1 1 26 -11
 1 1 26 -10
 1 1 26 -9
 1 1 26 -8
 1 1 26 -7
 1 1 26 -6
 1 1 26 -5
 1 1 26 -4
 1 1 26 -3
 1 1 26 -2
 1 1 26 -1
 1 1 26 0
 1 1 26 1
 1 1 26 2
 1 1 26 3
 1 1 26 4
 1 1 26 5
 1 1 26 6
 1 1 26 7
 1 1 26 8
 1 1 26 9
 1 1 26 10
 1 1 26 11
 1 1 26 12
 1 1 26 13
 1 1 26 14
 1 1 26 15
 1 1 26 16
 1 1 26 17
 1 1 26 18
 1 1 26 19
 1 1 26 20
 1 1 26 21
 1 1 26 22
 1 1 26 23
 1 1 26 24
 1 1 26 25
 1 1 26 26
 1 1 26 27
 1 1 27 -14
 1 1 27 -13
 1 1 27 -12
 1 1 27 -11
 1 1 27 -10
 1 1 27 -9
 1 1 27 -8
 1 1 27 -7
 1 1 27 -6
 1 1 27 -5
 1 1 27 -4
 1 1 27 -3
 1 1 27 -2
 1 1 27 -1
 1 1 27 0
 1 1 27 1
 1 1 27 2
 1 1 27 3
 1 1 27 4
 1 1 27 5
 1 1 27 6
 1 1 27 7
 1 1 27 8
 1 1 27 9
 1 1 27 10
 1 1 27 11
 1 1 27 12
 1 1 27 13
 1 1 27 14
 1 1 27 15
 1 1 27 16
 1 1 27 17
 1 1 27 18
 1 1 27 19
 1 1 27 20
 1 1 27 21
 1 1 27 22
 1 1 27 23
 1 1 27 24
 1 1 27 25
 1 1 27 26
 1 1 28 -15
 1 1 28 -14
 1 1 28 -13
 1 1 28 -12
 1 1 28 -11
 1 1 28 -10
 1 1 28 -9
 1 1 28 -8
 1 1 28 -7
 1 1 28 -6
 1 1 28 -5
 1 1 28 -4
 1 1 28 -3
 1 1 28 -2
 1 1 28 -1
 1 1 28 0
 1 1 28 1
 1 1 28 2
 1 1 28 3
 1 1 28 4
 1 1 28 5
 1 1 28 6
 1 1 28 7
 1 1 28 8
 1 1 28 9
 1 1 28 10
 1 1 28 11
 1 1 28 12
 1 1 28 13
 1 1 28 14
 1 1 28 15
 1 1 28 16
 1 1 28 17
 1 1 28 18
 1 1 28 19
 1 1 28 20
 1 1 28 21
 1 1 28 22
 1 1 28 23
 1 1 28 24
 1 1 29 -15
 1 1 29 -14
 1 1 29 -13
 1 1 29 -12
 1 1 29 -11
 1 1 29 -10
 1 1 29 -9
 1 1 29 -8
 1 1 29 -7
 1 1 29 -6
 1 1 29 -5
 1 1 29 -4
 1 1 29 -3
 1 1 29 -2
 1 1 29 -1
 1 1 29 0
 1 1 29 1
 1 1 29 2
 1 1 29 3
 1 1 29 4
 1 1 29 5
 1 1 29 6
 1 1 29 7
 1 1 29 8
 1 1 29 9
 1 1 29 10
 1 1 29 11
 1 1 29 12
 1 1 29 13
 1 1 29 14
 1 1 29 15
 1 1 29 16
 1 1 29 17
 1 1 29 18
 1 1 29 19
 1 1 29 20
 1 1 29 21
 1 1 29 22
 1 1 30 -16
 1 1 30 -15
 1 1 30 -14
 1 1 30 -13
 1 1 30 -12
 1 1 30 -11
 1 1 30 -10
 1 1 30 -9
 1 1 30 -8
 1 1 30 -7
 1 1 30 -6
 1 1 30 -5
 1 1 30 -4
 1 1 30 -3
 1 1 30 -2
 1 1 30 -1
 1 1 30 0
 1 1 30 1
 1 1 30 2
 1 1 30 3
 1 1 30 4
 1 1 30 5
 1 1 30 6
 1 1 30 7
 1 1 30 8
 1 1 30 9
 1 1 30 10
 1 1 30 11
 1 1 30 12
 1 1 30 13
 1 1 30 14
 1 1 30 15
 1 1 30 16
 1 1 30 17
 1 1 30 18
 1 1 30 19
 1 1 30 20
 1 1 31 -16
 1 1 31 -15
 1 1 31 -14
 1 1 31 -13
 1 1 31 -12
 1 1 31 -11
 1 1 31 -10
 1 1 31 -9
 1 1 31 -8
 1 1 31 -7
 1 1 31 -6
 1 1 31 -5
 1 1 31 -4
 1 1 31 -3
 1 1 31 -2
 1 1 31 -1
 1 1 31 0
 1 1 31 1
 1 1 31 2
 1 1 31 3
 1 1 31 4
 1 1 31 5
 1 1 31 6
 1 1 31 7
 1 1 31 8
 1 1 31 9
 1 1 31 10
 1 1 31 11
 1 1 31 12
 1 1 31 13
 1 1 31 14
 1 1 31 15
 1 1 31 16
 1 1 31 17
 1 1 31 18
 1 1 32 -17
 1 1 32 -16
 1 1 32 -15
 1 1 32 -14
 1 1 32 -13
 1 1 32 -12
 1 1 32 -11
 1 1 32 -10
 1 1 32 -9
 1 1 32 -8
 1 1 32 -7
 1 1 32 -6
 1 1 32 -5
 1 1 32 -4
 1 1 32 -3
 1 1 32 -2
 1 1 32 -1
 1 1 32 0
 1 1 32 1
 1 1 32 2
 1 1 32 3
 1 1 32 4
 1 1 32 5
 1 1 32 6
 1 1 32 7
 1 1 32 8
 1 1 32 9
 1 1 32 10
 1 1 32 11
 1 1 32 12
 1 1 32 13
 1 1 32 14
 1 1 32 15
 1 1 32 16
 1 1 33 -17
 1 1 33 -16
 1 1 33 -15
 1 1 33 -14
 1 1 33 -13
 1 1 33 -12
 1 1 33 -11
 1 1 33 -10
 1 1 33 -9
 1 1 33 -8
 1 1 33 -7
 1 1 33 -6
 1 1 33 -5
 1 1 33 -4
 1 1 33 -3
 1 1 33 -2
 1 1 33 -1
 1 1 33 0
 1 1 33 1
 1 1 33 2
 1 1 33 3
 1 1 33 4
 1 1 33 5
 1 1 33 6
 1 1 33 7
 1 1 33 8
 1 1 33 9
 1 1 33 10
 1 1 33 11
 1 1 33 12
 1 1 33 13
 1 1 33 14
 1 1 34 -18
 1 1 34 -17
 1 1 34 -16
 1 1 34 -15
 1 1 34 -14
 1 1 34 -13
 1 1 34 -12
 1 1 34 -11
 1 1 34 -10
 1 1 34 -9
 1 1 34 -8
 1 1 34 -7
 1 1 34 -6
 1 1 34 -5
 1 1 34 -4
 1 1 34 -3
 1 1 34 -2
 1 1 34 -1
 1 1 34 0
 1 1 34 1
 1 1 34 2
 1 1 34 3
 1 1 34 4
 1 1 34 5
 1 1 34 6
 1 1 34 7
 1 1 34 8
 1 1 34 9
 1 1 34 10
 1 1 34 11
 1 1 34 12
 1 1 35 -18
 1 1 35 -17
 1 1 35 -16
 1 1 35 -15
 1 1 35 -14
 1 1 35 -13
 1 1 35 -12
 1 1 35 -11
 1 1 35 -10
 1 1 35 -9
 1 1 35 -8
 1 1 35 -7
 1 1 35 -6
 1 1 35 -5
 1 1 35 -4
 1 1 35 -3
 1 1 35 -2
 1 1 35 -1
 1 1 35 0
 1 1 35 1
 1 1 35 2
 1 1 35 3
 1 1 35 4
 1 1 35 5
 1 1 35 6
 1 1 35 7
 1 1 35 8
 1 1 35 9
 1 1 35 10
 1 1 36 -19
 1 1 36 -18
 1 1 36 -17
 1 1 36 -16
 1 1 36 -15
 1 1 36 -14
 1 1 36 -13
 1 1 36 -12
 1 1 36 -11
 1 1 36 -10
 1 1 36 -9
 1 1 36 -8
 1 1 36 -7
 1 1 36 -6
 1 1 36 -5
 1 1 36 -4
 1 1 36 -3
 1 1 36 -2
 1 1 36 -1
 1 1 36 0
 1 1 36 1
 1 1 36 2
 1 1 36 3
 1 1 36 4
 1 1 36 5
 1 1 36 6
 1 1 36 7
 1 1 36 8
 1 1 37 -19
 1 1 37 -18
 1 1 37 -17
 1 1 37 -16
 1 1 37 -15
 1 1 37 -14
 1 1 37 -13
 1 1 37 -12
 1 1 37 -11
 1 1 37 -10
 1 1 37 -9
 1 1 37 -8
 1 1 37 -7
 1 1 37 -6
 1 1 37 -5
 1 1 37 -4
 1 1 37 -3
 1 1 37 -2
 1 1 37 -1
 1 1 37 0
 1 1 37 1
 1 1 37 2
 1 1 37 3
 1 1 37 4
 1 1 37 5
 1 1 37 6
 1 1 38 -20
 1 1 38 -19
 1 1 38 -18
 1 1 38 -17
 1 1 38 -16
 1 1 38 -15
 1 1 38 -14
 1 1 38 -13
 1 1 38 -12
 1 1 38 -11
 1 1 38 -10
 1 1 38 -9
 1 1 38 -8
 1 1 38 -7
 1 1 38 -6
 1 1 38 -5
 1 1 38 -4
 1 1 38 -3
 1 1 38 -2
 1 1 38 -1
 1 1 38 0
 1 1 38 1
 1 1 38 2
 1 1 38 3
 1 1 38 4
 1 1 39 -20
 1 1 39 -19
 1 1 39 -18
 1 1 39 -17
 1 1 39 -16
 1 1 39 -15
 1 1 39 -14
 1 1 39 -13
 1 1 39 -12
 1 1 39 -11
 1 1 39 -10
 1 1 39 -9
 1 1 39 -8
 1 1 39 -7
 1 1 39 -6
 1 1 39 -5
 1 1 39 -4
 1 1 39 -3
 1 1 39 -2
 1 1 39 -1
 1 1 39 0
 1 1 39 1
 1 1 39 2
 1 1 40 -21
 1 1 40 -20
 1 1 40 -19
 1 1 40 -18
 1 1 40 -17
 1 1 40 -16
 1 1 40 -15
 1 1 40 -14
 1 1 40 -13
 1 1 40 -12
 1 1 40 -11
 1 1 40 -10
 1 1 40 -9
 1 1 40 -8
 1 1 40 -7
 1 1 40 -6
 1 1 40 -5
 1 1 40 -4
 1 1 40 -3
 1 1 40 -2
 1 1 40 -1
 1 1 40 0
 1 1 41 -21
 1 1 41 -20
 1 1 41 -19
 1 1 41 -18
 1 1 41 -17
 1 1 41 -16
 1 1 41 -15
 1 1 41 -14
 1 1 41 -13
 1 1 41 -12
 1 1 41 -11
 1 1 41 -10
 1 1 41 -9
 1 1 41 -8
 1 1 41 -7
 1 1 41 -6
 1 1 41 -5
 1 1 41 -4
 1 1 41 -3
 1 1 41 -2
 1 1 42 -22
 1 1 42 -21
 1 1 42 -20
 1 1 42 -19
 1 1 42 -18
 1 1 42 -17
 1 1 42 -16
 1 1 42 -15
 1 1 42 -14
 1 1 42 -13
 1 1 42 -12
 1 1 42 -11
 1 1 42 -10
 1 1 42 -9
 1 1 42 -8
 1 1 42 -7
 1 1 42 -6
 1 1 42 -5
 1 1 42 -4
 1 1 43 -22
 1 1 43 -21
 1 1 43 -20
 1 1 43 -19
 1 1 43 -18
 1 1 43 -17
 1 1 43 -16
 1 1 43 -15
 1 1 43 -14
 1 1 43 -13
 1 1 43 -12
 1 1 43 -11
 1 1 43 -10
 1 1 43 -9
 1 1 43 -8
 1 1 43 -7
 1 1 43 -6
 1 1 44 -23
 1 1 44 -22
 1 1 44 -21
 1 1 44 -20
 1 1 44 -19
 1 1 44 -18
 1 1 44 -17
 1 1 44 -16
 1 1 44 -15
 1 1 44 -14
 1 1 44 -13
 1 1 44 -12
 1 1 44 -11
 1 1 44 -10
 1 1 44 -9
 1 1 44 -8
 1 1 45 -23
 1 1 45 -22
 1 1 45 -21
 1 1 45 -20
 1 1 45 -19
 1 1 45 -18
 1 1 45 -17
 1 1 45 -16
 1 1 45 -15
 1 1 45 -14
 1 1 45 -13
 1 1 45 -12
 1 1 45 -11
 1 1 45 -10
 1 1 46 -24
 1 1 46 -23
 1 1 46 -22
 1 1 46 -21
 1 1 46 -20
 1 1 46 -19
 1 1 46 -18
 1 1 46 -17
 1 1 46 -16
 1 1 46 -15
 1 1 46 -14
 1 1 46 -13
 1 1 46 -12
 1 1 47 -24
 1 1 47 -23
 1 1 47 -22
 1 1 47 -21
 1 1 47 -20
 1 1 47 -19
 1 1 47 -18
 1 1 47 -17
 1 1 47 -16
 1 1 47 -15
 1 1 47 -14
 1 1 48 -25
 1 1 48 -24
 1 1 48 -23
 1 1 48 -22
 1 1 48 -21
 1 1 48 -20
 1 1 48 -19
 1 1 48 -18
 1 1 48 -17
 1 1 48 -16
 1 1 49 -25
 1 1 49 -24
 1 1 49 -23
 1 1 49 -22
 1 1 49 -21
 1 1 49 -20
 1 1 49 -19
 1 1 49 -18
 1 1 50 -26
 1 1 50 -25
 1 1 50 -24
 1 1 50 -23
 1 1 50 -22
 1 1 50 -21
 1 1 50 -20
 1 1 51 -26
 1 1 51 -25
 1 1 51 -24
 1 1 51 -23
 1 1 51 -22
 1 1 52 -27
 1 1 52 -26
 1 1 52 -25
 1 1 52 -24
 1 1 53 -27
 1 1 53 -26
 1 1 54 -28
